3070
2909
2983
3031
3032
2999
3036
3069
2881
2755
2921
3029
2886
2912
3043
2883
2892
2884
2904
2985
2578
3047
3065
2786
2745
2771
2994
2756
2907
2928
2878
2404
2606
2624
2743
2877
3002
2566
2759
2782
2635
2691
2758
3038
2590
2747
2898
2648
2395
2631
2766
2894
2580
2608
2753
2374
2423
2569
2809
2991
2613
2764
2776
2899
2643
2380
2610
2768
2803
2882
2769
2879
3040
2749
2516
2763
2770
2807
2420
2796
2409
2481
2897
2920
2922
2139
2621
2382
2598
2427
2585
2778
2795
2956
2813
3062
2599
2410
2630
2447
2387
2584
2486
2617
2895
2767
2398
2413
2602
2619
2752
2187
2216
2286
2408
2436
2636
2639
2762
2797
2798
1932
3014
2144
2827
2417
2787
2888
2268
2435
2790
1947
2987
1992
2428
2761
2880
2587
2810
2256
2475
2589
2802
2954
2450
2226
2394
2482
2494
2914
2248
2143
2154
1938
2024
2162
2178
2208
2324
2595
2652
2826
2938
2176
2267
2901
2219
2744
2239
2581
1912
2069
2406
2472
2664
2692
2876
2637
2497
2657
2662
1991
2030
2185
2504
2381
2655
2990
3037
1895
2158
2196
2385
2397
2668
2785
2792
2794
2838
2470
2659
2575
2628
2213
2379
1638
2378
2149
2440
1922
2592
2641
2014
2163
2209
1908
2191
2396
2457
2491
2579
1927
2384
2414
2638
2609
1628
1898
1983
2253
2393
2506
1971
2157
2220
2686
1629
1914
1937
2021
2146
2166
2190
2231
2237
2264
2812
2872
1946
1977
2184
2437
1653
1678
1950
2167
2183
2229
2232
2233
2235
2295
2474
2623
1897
2260
1911
1980
1616
1650
1752
1963
2150
2400
2422
2675
2811
2918
3033
2246
2188
2611
2389
1688
1701
1945
2055
2463
2479
1644
1670
1993
2257
2281
2376
2189
2388
2211
2033
2824
2467
1934
2018
2151
2156
2160
2168
2392
2890
2407
1888
1969
1975
2084
2145
2224
2266
2441
2442
2443
2477
2586
3017
2141
1669
2773
2935
1409
2080
1691
1984
1985
2153
1463
1940
1926
2430
2588
2751
1708
1726
2709
1403
1659
1902
2924
1698
1649
1664
2843
2819
1445
1464
1640
1677
1694
1763
1886
2140
2170
2244
2532
2604
3030
1480
1700
2959
1367
1632
1661
1666
1695
1704
1721
1802
1834
1892
1896
1952
2040
2258
2500
2754
2009
2863
1689
1905
2716
2936
1642
1718
1730
1731
1810
1986
2035
2174
2601
2684
2177
2206
1625
1738
1833
1848
1936
2236
2458
2487
2275
1682
2194
2288
2485
1345
1668
2225
2473
2227
1771
2669
2603
1648
1966
2490
2950
3003
1361
1395
1417
1671
1722
1743
1745
1909
1996
2165
2290
2399
2464
2489
2640
2919
1493
2200
2570
2175
1621
1622
1641
1377
2314
1399
1903
1931
2199
2933
3034
1380
1665
1910
2540
1742
1976
2008
2418
1890
1358
1386
1706
1968
2310
825
1614
1204
1384
1478
1513
1554
1619
1620
1900
1904
1961
2004
2245
2269
2280
2615
1791
2270
2814
1427
1379
1422
2721
1378
1398
1440
1547
1667
1707
1741
1760
1840
1987
2241
2533
2553
1375
2070
1939
2653
1532
1410
1419
1443
1458
1461
1613
1646
1736
1916
1943
2142
2329
2313
1555
1455
1073
1325
1425
1442
1529
1635
1709
1850
1863
2223
2478
2676
2860
1964
2510
1065
1652
2572
2618
3001
850
1488
1401
1533
2214
1612
1385
2480
2806
2252
1115
1123
1155
1368
1416
1450
1498
1538
1583
1660
1780
1843
1901
1967
2016
2047
2299
2492
2496
2825
2834
2911
1999
2104
1110
1247
1392
2889
1686
1935
1082
1109
1381
1400
1414
2230
855
1208
1793
1352
1258
1393
1397
1404
1432
1624
1757
2042
2300
874
922
1374
1310
2866
1062
1112
1134
1162
1167
1283
1369
1415
1481
2077
2215
2625
3058
866
1210
2173
2815
2917
1077
1097
1116
1117
1136
1139
1151
1182
1184
1366
1615
1697
1948
1970
1982
2005
2120
2251
2558
3059
600
821
837
845
1412
1523
1546
1710
2927
1076
1078
1101
1120
1172
1192
1260
1520
1626
1647
2550
828
870
1696
2902
1923
1063
1080
1096
1107
1111
1125
1179
1457
1468
1516
1779
1805
1806
1827
1979
2067
2642
2970
663
933
1238
1453
2910
2947
1133
1141
1373
1477
1737
1949
2309
2665
1218
1365
1411
1431
2454
1389
1919
2455
2607
1420
2831
1086
1089
1104
1137
1160
1171
1200
1251
1261
1353
1391
1474
1484
1527
1534
1637
1705
1837
1920
2003
2966
841
844
916
1021
1349
1591
2616
2250
1436
2023
1997
2198
1106
1747
853
654
2333
1070
1114
1990
2088
2331
2348
2848
2957
813
843
927
988
2002
979
1069
1402
1627
1645
1759
2277
2419
2646
2842
451
729
920
1447
2513
1360
1357
1029
1087
1119
1124
1144
1225
1376
1441
1465
1774
2304
614
737
770
812
822
838
848
851
885
887
1433
1536
1776
2032
2315
682
938
1655
2661
1354
1178
1199
1242
1246
1269
1270
1272
1301
1350
1452
1460
1568
1658
1755
2006
2020
2058
2079
693
814
856
877
925
1514
2784
2854
638
1472
2868
1198
1290
1396
1537
1567
1672
1699
1962
2524
2861
601
691
824
854
860
899
926
987
1770
830
862
902
1476
2039
2634
936
2941
2693
1226
1262
1735
1874
2034
2864
673
717
833
858
898
1448
1170
2056
1035
1818
694
907
2046
2453
1925
2852
2279
2179
2027
1236
1684
1799
2791
1426
1079
1145
1168
1174
1176
1177
1276
1424
1517
1630
1879
621
684
912
2119
2271
2483
831
2916
1326
1454
666
1408
644
1291
657
880
2054
2249
2571
1421
1885
2085
603
647
672
779
910
969
1348
955
2679
1091
1165
1219
1479
388
734
1118
1263
1430
2460
635
942
1015
1090
1371
1388
1539
1633
1651
2354
421
449
450
619
653
674
714
836
900
615
918
1451
1754
2101
1044
1068
1081
1159
1169
1197
1281
1390
1429
1573
1832
2347
2699
403
509
624
667
679
721
840
929
1100
1240
1438
1572
2012
2466
2546
2627
2948
443
480
738
798
859
1072
1025
2850
940
1466
2614
1028
1235
1255
1494
1575
1584
1712
1812
2082
2346
2476
276
396
705
728
743
795
852
891
974
2282
2301
425
486
604
896
919
963
991
939
1209
1132
1175
2113
2338
393
411
429
465
732
882
897
970
1122
1217
1548
1656
1727
2361
871
2102
3025
1127
1213
1241
1243
1275
1509
2152
445
463
469
611
735
744
832
892
901
1280
1610
2099
608
718
2780
416
1207
670
1344
2107
2438
1406
2960
817
1051
1108
1164
1363
1486
1491
1679
1713
1733
1746
1815
2097
2202
2536
378
452
456
612
623
695
696
702
781
879
889
914
928
931
1034
1485
1825
1836
379
707
2733
1803
1861
521
523
689
1382
1508
191
1915
2076
340
407
827
1009
1098
1148
1150
620
658
713
731
81
1129
401
617
640
2074
1064
1558
165
170
2057
211
2821
381
444
471
502
648
659
699
773
786
1071
1267
1787
395
442
539
709
715
1011
1126
1289
1773
1899
2010
2527
374
400
428
430
487
493
498
514
528
535
540
596
669
685
710
869
930
1003
1203
1330
1557
1574
1720
2234
326
789
839
888
908
1038
1142
1444
1580
1764
1844
190
2065
215
2530
375
402
404
448
497
563
634
652
668
704
706
769
1216
1305
2053
236
237
628
650
973
1768
2064
1010
1237
1506
1828
188
260
287
292
344
394
414
524
804
873
878
1553
173
198
406
466
629
665
697
2573
1092
1318
1456
1471
194
195
2519
399
424
506
946
1279
1542
2358
565
639
692
746
886
1294
2307
2828
2274
1099
1921
2666
545
755
2296
1113
1128
1146
1564
1599
1643
2129
2456
2672
274
345
436
485
609
645
649
661
681
947
960
1286
383
462
496
605
941
757
174
305
1147
468
646
201
226
799
1418
2620
1663
178
1856
2343
405
419
420
529
794
924
179
200
298
698
818
865
876
752
520
1490
152
1732
2078
297
302
427
441
46
507
53
541
602
727
765
863
87
953
98
100
158
182
834
777
1020
1181
1287
163
1687
171
1824
1859
1865
187
1872
209
214
216
227
230
278
478
490
566
583
599
631
687
881
962
977
1543
186
202
225
3
308
341
350
376
548
642
788
999
1196
2327
586
2934
3042
422
106
1083
1221
1234
1511
1680
193
1955
210
3046
321
453
531
532
549
561
956
983
1342
1590
1692
1951
220
256
2563
2867
290
391
413
423
500
597
1252
2462
366
759
116
1300
1783
2377
245
281
418
720
807
1014
1304
2499
2574
553
567
207
1913
244
2667
28
576
626
95
1266
1855
192
2359
515
632
711
829
996
2375
2698
118
94
1507
1549
2847
1819
1211
1333
135
1499
1502
1504
1636
172
303
439
555
662
739
797
1031
1296
291
45
519
219
2501
3013
68
701
1835
559
240
2862
1673
2727
47
2951
656
2432
3061
2221
1954
2405
2503
