2743
2407
2602
1927
2035
2245
2924
2883
2584
2432
1741
2213
2638
2162
2770
2769
1533
1992
979
1730
2661
2413
2922
1673
2167
3032
2489
2766
1701
1498
2267
955
1967
2156
2599
2639
2420
2256
2295
2917
3017
2150
1985
2894
2258
2158
1554
2895
2985
2579
1649
2436
1754
2747
2888
1358
1204
2950
2575
1025
2914
2960
2921
2606
2185
1463
2430
2410
2611
1616
1886
1971
1664
2417
2221
2233
2474
2806
1406
1834
3043
2991
2573
1897
3065
1442
2637
2698
2374
2758
2951
2170
2604
2721
2216
1650
2139
3034
2803
2154
1950
2080
1909
2160
2472
2956
2589
2911
1476
2749
1943
2030
2807
1923
2866
2500
2990
1622
3000
1934
1620
2884
1916
2473
2299
2827
1908
2384
2540
940
2490
2643
2815
2916
2399
2809
1977
3040
2220
2994
1547
2174
2959
757
2947
1966
2232
1700
2074
2610
2631
1819
2188
2443
2378
2761
1665
2039
644
1638
1478
2208
1426
47
2151
3001
1619
2281
2831
2890
1752
1922
2040
2165
1155
1745
2479
2588
2794
2047
2648
1417
1802
2880
2423
1399
2506
1073
2912
1938
2898
2752
2168
2333
2227
2175
2394
1123
2778
1455
2905
2376
1910
2324
1621
2485
2274
2414
2194
2897
2882
2812
2927
1170
1905
2595
1354
1691
1689
1382
1361
1445
2886
1937
2571
2652
1991
1932
1799
2941
1532
1059
1398
2397
2592
2310
2782
1472
3036
1209
2601
2640
1666
2435
2475
2662
2018
1384
1668
1461
2268
2442
1743
1694
1642
1466
2491
2187
1612
3047
2868
2904
1236
3070
2143
2693
1419
1726
2987
1963
1975
2614
1911
1722
2146
2206
2810
1896
2918
1357
1648
2016
1374
1513
1738
1409
2144
1968
2776
2387
2236
2329
2768
2692
3037
2686
2382
2437
2183
1646
2501
1440
2440
2409
1760
2427
1850
2024
1614
1890
1946
2145
2613
2826
2763
2533
3031
1488
2190
2149
1976
2745
850
2881
1709
2398
1660
2481
1708
1895
2480
1065
2450
2727
3002
1863
2492
1436
2877
1408
2850
1947
2623
2379
2628
2389
2796
454
2899
1969
1386
1731
2084
2933
2791
2004
2566
2219
1888
2569
3069
2619
2463
2608
2494
2668
3003
2257
1416
2404
2173
2624
1538
2178
936
1843
2825
1345
1987
817
68
2069
827
2797
1901
2709
2014
2872
2478
1450
2021
2879
2553
1403
2101
2264
1380
2617
1367
3038
2486
2516
3014
2497
1360
1352
2838
2716
2447
1904
2755
1310
2819
2184
2166
2196
1678
2249
2679
1644
1670
422
2798
2141
1425
1395
2214
2529
1677
2400
2892
2587
2198
2405
1378
2223
2620
2834
2392
1952
2510
2983
2570
2477
1669
1898
2314
1902
1684
2406
2907
2655
2580
2615
2764
701
3013
2751
1914
2878
1810
2787
1377
3033
1936
3025
1892
1931
2441
1706
2458
1653
2675
2142
2934
2209
2153
1458
1903
1926
1555
2229
2999
1641
3061
2225
2785
1980
2590
1410
1682
2280
1993
2862
2691
2909
1368
2503
2269
2938
1771
2572
2487
2504
2496
2288
1940
2621
2634
1954
1613
520
1659
2657
1912
2586
2422
1379
1583
2408
2253
2290
2669
2226
2237
2199
2609
559
1671
3029
2418
2767
2459
3042
656
1115
2744
2457
1422
2163
2140
2935
2464
2380
2581
2759
2260
1721
1688
2630
1632
2252
1625
2802
2659
2286
1983
1652
2928
2636
1835
2482
1443
2552
2396
1736
1629
2954
2641
1529
1986
2792
1385
2901
1661
2385
2756
1667
2266
2664
2157
1640
1401
2231
2235
2843
2224
2467
2771
1900
1840
2635
1464
2598
2055
2585
2618
1451
240
2754
2845
1348
2241
2008
2056
1418
1707
2919
2191
1718
777
1984
1780
939
2177
2786
2428
825
2795
1480
1996
2381
1833
261
2920
1628
2578
2811
1325
1961
1964
2393
1848
2244
1695
2773
1704
1635
2211
1945
2762
1997
2876
2395
2936
2532
1763
