ID	sap	Ricinus	mRNA_length	intron_number	intron_length	exon_length	CDS_length	CDS_max	CDS_max_pos
2842.inclade1.ortho1.tre	SHI11614-RA	29877.m000477	49611	5	43148	6464	6435	3051	[0, 3051]
2638.inclade1.ortho1.tre	SHI04077-RA	29864.m001480	4100	1	1080	3021	3021	2437	[0, 2437]
2861.inclade1.ortho1.tre	SHI26300-RA		2357	0	0	2358	2358	2358	[0, 2358]
2868.inclade1.ortho1.tre	SHI21953-RA	30026.m001480	2150	0	0	2151	2151	2151	[0, 2151]
2934.inclade1.ortho1.tre	SHI04332-RA	29968.m000632	4796	2	2187	2610	2595	2006	[0, 2006]
1532.inclade1.ortho1.tre	SHI11339-RA	29628.m000773	1877	0	0	1878	1878	1878	[0, 1878]
2691.inclade1.ortho1.tre	SHI15819-RA	30138.m003897	16301	6	13836	2466	2466	1849	[0, 1849]
2623.inclade1.ortho1.tre	SHI17333-RA	30147.m013821	36901	2	34793	2109	2109	1779	[330, 2109]
2970.inclade1.ortho1.tre	SHI12490-RA	30078.m002319	2760	1	613	2148	2148	1750	[398, 2148]
2023.inclade1.ortho1.tre	SHI15342-RA	29703.m001542	1367	0	0	1368	1368	1368	[0, 1368]
2768.inclade1.ortho1.tre	SHI12631-RA	28637.m000206	36182	6	33573	2610	2319	1298	[0, 1298]
1508.inclade1.ortho1.tre	SHI08840-RA	29830.m001405	1280	0	0	1281	1281	1281	[0, 1281]
3070.inclade1.ortho1.tre	SHI24405-RA	29872.m000540	1271	0	0	1272	1272	1272	[0, 1272]
3069.inclade1.ortho1.tre	SHI17928-RA	29929.m004708	3741	5	1585	2157	2157	1266	[891, 2157]
2333.inclade1.ortho1.tre	SHI04920-RA	29804.m001526	1946	1	82	1865	1578	1251	[0, 1251]
2414.inclade1.ortho1.tre	SHI06952-RA	30068.m002525	1266	1	67	1200	1200	1170	[0, 1170]
3001.inclade1.ortho1.tre	SHI12762-RA	30076.m004684	1166	0	0	1167	1167	1167	[0, 1167]
2721.inclade1.ortho1.tre	SHI21378-RA	29645.m000074	5921	8	2964	2958	2907	1154	[1069, 2223]
1835.inclade1.ortho1.tre	SHI08370-RA	30170.m013766	1402	1	86	1317	1317	1143	[174, 1317]
2648.inclade1.ortho1.tre	SHI26497-RA	27613.m000633	1272	1	106	1167	1167	1116	[0, 1116]
2245.inclade1.ortho1.tre	SHI10751-RA	30147.m014384	2500	3	1049	1452	1452	1116	[81, 1197]
3043.inclade1.ortho1.tre	SHI12591-RA	29805.m001495	3053	1	1827	1227	1227	1113	[0, 1113]
2922.inclade1.ortho1.tre	SHI09062-RA	29863.m001043	1109	0	0	1110	1110	1110	[0, 1110]
1208.inclade1.ortho1.tre	SHI24848-RA	29693.m001972	1103	0	0	1104	1104	1104	[0, 1104]
2661.inclade1.ortho1.tre	SHI06255-RA	29589.m001232	43893	4	42106	1788	1788	1061	[727, 1788]
2076.inclade1.ortho1.tre	SHI16852-RA	29910.m000939	1762	3	356	1407	1407	1049	[25, 1074]
1466.inclade1.ortho1.tre	SHI19225-RA	30113.m001435	21440	4	19409	2032	1686	1041	[0, 1041]
2675.inclade1.ortho1.tre	SHI14178-RA	30147.m014418	2974	7	814	2161	1848	1035	[459, 1494]
2814.inclade1.ortho1.tre	SHI00749-RA	30008.m000830	18674	4	17307	1368	1368	1029	[243, 1272]
940.inclade1.ortho1.tre	SHI27197-RA	29631.m001006	23971	6	20238	3734	3648	1023	[592, 1615]
2894.inclade1.ortho1.tre	SHI35657-RA	29728.m000808	8191	5	5606	2586	2586	1016	[73, 1089]
1237.inclade1.ortho1.tre	SHI26351-RA	27810.m000667	48865	8	46610	2256	2256	999	[0, 999]
2821.inclade1.ortho1.tre	SHI06951-RA	30068.m002529	14797	2	12950	1848	1848	978	[590, 1568]
1991.inclade1.ortho1.tre	SHI29364-RA	28320.m001085	11125	2	10073	1053	1053	972	[0, 972]
3053.inclade1.ortho1.tre	SHI10433-RA	29983.m003224	1343	1	60	1284	1284	954	[0, 954]
2101.inclade1.ortho1.tre	SHI42179-RA	29765.m000728	4692	8	2848	1845	1845	954	[891, 1845]
2014.inclade1.ortho1.tre	SHI05627-RA	30131.m007143	1326	1	115	1212	1008	939	[69, 1008]
2864.inclade1.ortho1.tre	SHI33681-RA	30138.m003848	1088	1	39	1050	1050	904	[0, 904]
116.inclade1.ortho1.tre	SHI11249-RA	29588.m000859	5436	6	3406	2031	2031	904	[0, 904]
2257.inclade1.ortho1.tre	SHI33917-RA	29912.m005316	1579	1	201	1379	1269	889	[0, 889]
1604.inclade1.ortho1.tre	SHI22955-RA	44978.m000014	2808	3	1021	1788	1788	880	[908, 1788]
2553.inclade1.ortho1.tre	SHI34087-RA	29908.m006045	101044	6	98812	2233	2067	879	[0, 879]
2248.inclade1.ortho1.tre	SHI30433-RA	30174.m008713	5595	8	3400	2196	2196	877	[1319, 2196]
1555.inclade1.ortho1.tre	SHI26617-RA	29666.m001431	1524	1	540	985	945	876	[0, 876]
1911.inclade1.ortho1.tre	SHI22263-RA	30068.m002554	1333	2	246	1088	1023	872	[151, 1023]
2892.inclade1.ortho1.tre	SHI08975-RA	30147.m014013	69931	13	67471	2461	2157	870	[0, 870]
2246.inclade1.ortho1.tre	SHI26504-RA	29629.m001374	1688	2	147	1542	1542	852	[0, 852]
2176.inclade1.ortho1.tre	SHI04907-RA	30099.m001623	2446	2	1190	1257	1257	822	[435, 1257]
2481.inclade1.ortho1.tre	SHI08088-RA	30170.m014145	99693	13	97711	1983	1983	804	[180, 984]
2074.inclade1.ortho1.tre	SHI19580-RA	27538.m000329	145205	17	142662	2544	2544	784	[1760, 2544]
2938.inclade1.ortho1.tre	SHI05290-RA	29801.m003106	3974	2	1980	1995	1812	774	[1038, 1812]
2786.inclade1.ortho1.tre	SHI03803-RA	29917.m002019	131806	5	129903	1904	1668	765	[357, 1122]
1352.inclade1.ortho1.tre	SHI17045-RA	27999.m000062	965	1	150	816	816	764	[52, 816]
2300.inclade1.ortho1.tre	SHI15219-RA	29986.m001617	7018	5	5464	1555	1305	736	[0, 736]
2927.inclade1.ortho1.tre	SHI28008-RA		10328	5	8472	1857	1857	719	[208, 927]
2936.inclade1.ortho1.tre	SHI28008-RA		10328	5	8472	1857	1857	719	[208, 927]
2641.inclade1.ortho1.tre	SHI27809-RA	30078.m002234	67093	13	64075	3019	2685	708	[639, 1347]
2959.inclade1.ortho1.tre	SHI30492-RA		788	1	78	711	711	701	[0, 701]
2608.inclade1.ortho1.tre	SHI02147-RA	29933.m001456	5902	8	4303	1600	1542	700	[842, 1542]
2758.inclade1.ortho1.tre	SHI03997-RA	30131.m007196	97887	16	94646	3242	3126	690	[2265, 2955]
2256.inclade1.ortho1.tre	SHI31485-RA	29736.m002056	61190	3	59832	1359	1218	664	[0, 664]
1463.inclade1.ortho1.tre	SHI53821-RA	29684.m000326	1030	1	92	939	939	659	[280, 939]
1024.inclade1.ortho1.tre	SHI22933-RA	29634.m002163	56634	13	54814	1821	1683	658	[1025, 1683]
1923.inclade1.ortho1.tre	SHI10943-RA	30146.m003605	13473	1	12589	885	885	651	[234, 885]
466.inclade1.ortho1.tre	SHI11508-RA		31277	11	29208	2070	2070	650	[0, 650]
3040.inclade1.ortho1.tre	SHI08058-RA	30170.m014200	4205	13	1707	2499	2499	649	[1595, 2244]
2550.inclade1.ortho1.tre	SHI12329-RA	29344.m000105	2090	4	678	1413	1413	646	[0, 646]
2888.inclade1.ortho1.tre	SHI02219-RA	29842.m003567	1564	2	229	1336	1284	640	[0, 640]
2267.inclade1.ortho1.tre	SHI11222-RA	29841.m002897	49989	37	43474	6516	4200	639	[2679, 3318]
2957.inclade1.ortho1.tre	SHI21791-RA	29706.m001331	1721	3	423	1299	1299	636	[663, 1299]
1971.inclade1.ortho1.tre	SHI07195-RA	30190.m011153	40353	3	39197	1157	1032	626	[0, 626]
2295.inclade1.ortho1.tre	SHI09138-RA	28644.m000932	20061	1	18979	1083	1083	621	[462, 1083]
559.inclade1.ortho1.tre	SHI18097-RA	30128.m008850	1551	2	565	987	987	617	[169, 786]
1937.inclade1.ortho1.tre	SHI15009-RA	30148.m001491	2047	1	971	1077	1077	616	[461, 1077]
2881.inclade1.ortho1.tre	SHI21126-RA	28226.m000834	2131	2	784	1348	1176	615	[0, 615]
2260.inclade1.ortho1.tre	SHI16749-RA	29840.m000632	133906	12	130558	3349	3318	615	[528, 1143]
1670.inclade1.ortho1.tre	SHI05801-RA	30162.m001295	18537	3	16992	1546	1278	601	[0, 601]
1480.inclade1.ortho1.tre	SHI30908-RA	30170.m014260	824	1	12	813	813	597	[0, 597]
2154.inclade1.ortho1.tre	SHI11068-RA	30146.m003528	11472	4	10095	1378	1335	595	[316, 911]
3036.inclade1.ortho1.tre	SHI24554-RA	29634.m002139	4808	3	3646	1163	1053	589	[136, 725]
1633.inclade1.ortho1.tre	SHI12750-RA	28659.m000072	891	1	178	714	714	588	[126, 714]
1742.inclade1.ortho1.tre	SHI04190-RA	29929.m004616	1719	3	554	1166	1038	587	[0, 587]
2198.inclade1.ortho1.tre	SHI00051-RA	29889.m003392	11161	3	9971	1191	1191	579	[553, 1132]
2862.inclade1.ortho1.tre	SHI22478-RA	27394.m000344	5531	7	3163	2369	2304	575	[253, 828]
2598.inclade1.ortho1.tre	SHI18791-RA	29794.m003407	95617	10	93833	1785	1785	568	[711, 1279]
726.inclade1.ortho1.tre	SHI18861-RA	29739.m003626	12719	16	10101	2619	2619	567	[1297, 1864]
2285.inclade1.ortho1.tre	SHI13714-RA	29929.m004572	3478	4	1608	1871	1773	563	[0, 563]
2611.inclade1.ortho1.tre	SHI06101-RA	28076.m000415	10899	11	9169	1731	1731	560	[0, 560]
2652.inclade1.ortho1.tre	SHI20747-RA		120936	19	118174	2763	2763	557	[2103, 2660]
2709.inclade1.ortho1.tre	SHI02938-RA	30070.m000119	21772	7	19892	1881	1881	554	[1327, 1881]
729.inclade1.ortho1.tre	SHI16610-RA	29990.m000500	1406	2	678	729	729	552	[0, 552]
1588.inclade1.ortho1.tre	SHI08502-RA	28962.m000438	48054	5	46358	1697	1596	535	[432, 967]
2610.inclade1.ortho1.tre	SHI10980-RA	30146.m003573	46034	2	44837	1198	1068	519	[549, 1068]
1927.inclade1.ortho1.tre	SHI18510-RA	29827.m002625	2265	7	882	1384	1287	516	[0, 516]
2698.inclade1.ortho1.tre	SHI05761-RA	29869.m001177	2600	6	1089	1512	1512	513	[999, 1512]
2220.inclade1.ortho1.tre	SHI06988-RA	30190.m010836	7095	3	6149	947	891	510	[294, 804]
757.inclade1.ortho1.tre	SHI02972-RA	29783.m000312	1299	1	304	996	822	507	[0, 507]
1689.inclade1.ortho1.tre	SHI18622-RA	29794.m003448	21087	8	19465	1623	1623	491	[718, 1209]
356.inclade1.ortho1.tre	SHI23793-RA	29739.m003776	1682	2	528	1155	1155	490	[187, 677]
2659.inclade1.ortho1.tre	SHI33075-RA	30055.m001560	3734	3	3105	630	630	489	[141, 630]
1793.inclade1.ortho1.tre	SHI21353-RA	28872.m000243	21148	7	19760	1389	1233	486	[161, 647]
2503.inclade1.ortho1.tre	SHI10350-RA	29600.m000550	21628	20	18420	3209	3030	483	[2136, 2619]
468.inclade1.ortho1.tre	SHI03693-RA	30143.m001193	4975	5	3374	1602	1602	471	[0, 471]
1100.inclade1.ortho1.tre	SHI02132-RA	29842.m003691	1569	4	427	1143	1143	458	[685, 1143]
2581.inclade1.ortho1.tre	SHI16611-RA	29990.m000498	5070	9	3412	1659	1659	457	[1202, 1659]
1947.inclade1.ortho1.tre	SHI08947-RA	29740.m000483	6350	4	5106	1245	1161	456	[705, 1161]
2843.inclade1.ortho1.tre	SHI14564-RA	28401.m000077	2376	7	555	1822	1638	446	[1030, 1476]
1255.inclade1.ortho1.tre	SHI11209-RA	28694.m000678	17206	8	15469	1738	1623	441	[283, 724]
1812.inclade1.ortho1.tre	SHI11209-RA	28694.m000678	17206	8	15469	1738	1623	441	[283, 724]
170.inclade1.ortho1.tre	SHI06365-RA	30147.m014511	12932	3	11784	1149	1149	438	[0, 438]
2310.inclade1.ortho1.tre	SHI27013-RA	30138.m004013	18622	10	17261	1362	1362	438	[0, 438]
1170.inclade1.ortho1.tre	SHI07965-RA	30170.m014228	882	2	283	600	600	435	[165, 600]
939.inclade1.ortho1.tre	SHI07965-RA	30170.m014228	882	2	283	600	600	435	[165, 600]
1616.inclade1.ortho1.tre	SHI13706-RA	29929.m004554	16236	7	15123	1114	960	434	[28, 462]
429.inclade1.ortho1.tre	SHI18738-RA	29794.m003327	1007	2	237	771	771	429	[342, 771]
47.inclade1.ortho1.tre	SHI10578-RA	30147.m014501	47924	4	46644	1281	1281	428	[766, 1194]
2437.inclade1.ortho1.tre	SHI24117-RA	29904.m002996	758	1	6	753	753	426	[0, 426]
1779.inclade1.ortho1.tre	SHI17990-RA	29799.m000625	32945	5	31584	1362	1362	423	[105, 528]
2380.inclade1.ortho1.tre	SHI24609-RA	29941.m000227	45578	7	44583	996	996	421	[263, 684]
2999.inclade1.ortho1.tre	SHI18398-RA	29598.m000469	28860	6	27668	1193	1140	420	[0, 420]
2039.inclade1.ortho1.tre	SHI02232-RA	29842.m003530	21283	3	20187	1097	948	420	[528, 948]
2879.inclade1.ortho1.tre	SHI08539-RA	52313.m000014	12878	7	10977	1902	1542	420	[0, 420]
2173.inclade1.ortho1.tre	SHI00856-RA	29904.m003054	89324	10	87123	2202	2202	417	[1785, 2202]
2080.inclade1.ortho1.tre	SHI05352-RA	29801.m003111	65793	4	64891	903	780	412	[0, 412]
2744.inclade1.ortho1.tre	SHI18980-RA	30174.m009036	21030	4	20204	827	807	410	[172, 582]
1408.inclade1.ortho1.tre	SHI02446-RA		738	2	238	501	501	409	[8, 417]
3014.inclade1.ortho1.tre	SHI27017-RA	30138.m004015	3853	8	2015	1839	1614	408	[1206, 1614]
2727.inclade1.ortho1.tre	SHI05200-RA		42542	19	39297	3246	2982	405	[1953, 2358]
2898.inclade1.ortho1.tre	SHI09576-RA	30190.m011030	43816	7	42786	1031	1020	403	[42, 445]
1885.inclade1.ortho1.tre	SHI19279-RA	27561.m000294	139730	6	138663	1068	1068	402	[666, 1068]
2566.inclade1.ortho1.tre	SHI11525-RA	30206.m000762	12833	3	11958	876	876	402	[0, 402]
1980.inclade1.ortho1.tre	SHI19048-RA	29747.m001086	18892	3	18033	860	789	402	[0, 402]
2249.inclade1.ortho1.tre	SHI10268-RA	29948.m000696	32105	10	30900	1206	1206	397	[79, 476]
2369.inclade1.ortho1.tre	SHI11242-RA	29841.m002924	31495	25	27563	3933	3639	395	[533, 928]
2624.inclade1.ortho1.tre	SHI05282-RA	29801.m003085	48738	5	47250	1489	1350	384	[966, 1350]
2983.inclade1.ortho1.tre	SHI28311-RA	29333.m001077	10453	7	9029	1425	1425	376	[374, 750]
2850.inclade1.ortho1.tre	SHI26589-RA	30064.m000505	20007	12	18443	1565	1557	375	[0, 375]
2400.inclade1.ortho1.tre	SHI10785-RA	30138.m004049	19795	6	18892	904	849	372	[111, 483]
1651.inclade1.ortho1.tre	SHI03354-RA	29814.m000742	371	0	0	372	372	372	[0, 372]
1726.inclade1.ortho1.tre	SHI16367-RA	29917.m002006	25823	4	24618	1206	1206	372	[0, 372]
3061.inclade1.ortho1.tre	SHI07088-RA	30190.m011295	426	1	43	384	384	370	[14, 384]
610.inclade1.ortho1.tre	SHI02468-RA	30073.m002250	24779	3	24017	763	756	367	[0, 367]
2924.inclade1.ortho1.tre	SHI21529-RA	29668.m000328						363	[0, 363]
2268.inclade1.ortho1.tre	SHI31290-RA	30084.m000187	8197	7	7231	967	963	362	[290, 652]
2277.inclade1.ortho1.tre	SHI11150-RA	30146.m003475	13139	7	11698	1442	1398	360	[223, 583]
1350.inclade1.ortho1.tre	SHI18989-RA	30174.m009041	1206	4	448	759	759	360	[399, 759]
2884.inclade1.ortho1.tre	SHI30444-RA	29917.m001996	19430	11	17487	1944	1860	359	[760, 1119]
1700.inclade1.ortho1.tre	SHI06634-RA	27623.m000137	100754	10	98902	1853	1821	354	[0, 354]
2213.inclade1.ortho1.tre	SHI03988-RA	30131.m007213	6374	5	5503	872	825	352	[473, 825]
2516.inclade1.ortho1.tre	SHI20221-RA	30190.m011126	58524	6	57264	1261	858	352	[99, 451]
2219.inclade1.ortho1.tre	SHI26313-RA	30147.m014534	9271	7	7616	1656	1656	350	[1306, 1656]
2578.inclade1.ortho1.tre	SHI00435-RA	29844.m003300	32749	7	31121	1629	861	347	[136, 483]
1653.inclade1.ortho1.tre	SHI15993-RA	27524.m000291	560	1	48	513	513	347	[166, 513]
870.inclade1.ortho1.tre	SHI29459-RA	29992.m001442	84593	12	82251	2343	2343	345	[819, 1164]
2501.inclade1.ortho1.tre	SHI31107-RA	29693.m002025	1837	5	977	861	663	342	[321, 663]
2032.inclade1.ortho1.tre	SHI10430-RA	29983.m003217	37467	8	34823	2645	1440	342	[773, 1115]
1976.inclade1.ortho1.tre	SHI43493-RA	30190.m010959	4220	3	3453	768	768	342	[0, 342]
2079.inclade1.ortho1.tre	SHI04464-RA	29962.m000052	2527	5	1265	1263	1263	340	[708, 1048]
520.inclade1.ortho1.tre	SHI33818-RA	29827.m002612	7762	12	5753	2010	1755	333	[823, 1156]
2491.inclade1.ortho1.tre	SHI07389-RA	29827.m002545	24024	6	22768	1257	1017	331	[0, 331]
2607.inclade1.ortho1.tre	SHI25269-RA		13415	4	12327	1089	1089	329	[0, 329]
1360.inclade1.ortho1.tre	SHI43202-RA	28752.m000327	6235	5	5348	888	888	328	[385, 713]
3002.inclade1.ortho1.tre	SHI07626-RA	28193.m000296	10276	6	8942	1335	1146	325	[196, 521]
240.inclade1.ortho1.tre	SHI22953-RA	30170.m013676	12806	3	12097	710	666	318	[0, 318]
3032.inclade1.ortho1.tre	SHI20290-RA	29916.m000520	23457	4	22693	765	714	317	[357, 674]
2878.inclade1.ortho1.tre	SHI24461-RA	29724.m000856	33356	7	32601	756	756	315	[36, 351]
2634.inclade1.ortho1.tre	SHI29790-RA	30169.m006444	19278	5	18298	981	981	315	[24, 339]
2947.inclade1.ortho1.tre	SHI25234-RA	29727.m000492	19109	12	17711	1399	1359	312	[1047, 1359]
2420.inclade1.ortho1.tre	SHI02368-RA	29475.m000231	38856	8	37615	1242	1242	309	[933, 1242]
1644.inclade1.ortho1.tre	SHI18571-RA	29848.m004653	7170	2	6553	618	549	306	[243, 549]
1914.inclade1.ortho1.tre	SHI04909-RA	29804.m001507	5934	6	4810	1125	1125	306	[44, 350]
2807.inclade1.ortho1.tre	SHI07181-RA	29785.m000969	2871	2	2285	587	564	306	[258, 564]
2185.inclade1.ortho1.tre	SHI29184-RA	29657.m000468	49777	5	48567	1211	1128	303	[825, 1128]
2921.inclade1.ortho1.tre	SHI00426-RA	29726.m003890	53988	9	52206	1783	1578	300	[610, 910]
2232.inclade1.ortho1.tre	SHI05074-RA	28152.m000913						297	[149, 446]
658.inclade1.ortho1.tre	SHI21179-RA	30131.m007272	3882	7	2467	1416	1296	296	[42, 338]
1456.inclade1.ortho1.tre	SHI23868-RA	28779.m000138	1487	3	765	723	723	296	[304, 600]
2184.inclade1.ortho1.tre	SHI13878-RA	30147.m014184	15679	1	15284	396	396	295	[101, 396]
955.inclade1.ortho1.tre	SHI25120-RA		911	2	274	638	528	294	[234, 528]
1708.inclade1.ortho1.tre	SHI28108-RA	30076.m004552	41864	10	40218	1647	1551	293	[486, 779]
2897.inclade1.ortho1.tre	SHI31875-RA	28166.m001054	8544	2	8209	336	336	291	[45, 336]
2901.inclade1.ortho1.tre	SHI10214-RA	27866.m000237	22845	10	21619	1227	1227	290	[214, 504]
1915.inclade1.ortho1.tre	SHI31849-RA	29666.m001459	2812	1	2217	596	438	290	[148, 438]
2987.inclade1.ortho1.tre	SHI12384-RA	30055.m001577	3870	7	2866	1005	1005	289	[233, 522]
2587.inclade1.ortho1.tre	SHI03263-RA	29850.m000270	4398	4	3358	1041	888	289	[421, 710]
3038.inclade1.ortho1.tre	SHI08453-RA	29908.m006121	2893	9	1296	1598	1560	288	[204, 492]
2209.inclade1.ortho1.tre	SHI07701-RA	30147.m014112	2032	3	1085	948	597	288	[309, 597]
2476.inclade1.ortho1.tre	SHI13705-RA	29929.m004552	8012	12	6305	1708	1623	286	[773, 1059]
1083.inclade1.ortho1.tre	SHI27954-RA	29739.m003660	15067	6	14296	772	699	285	[0, 285]
1204.inclade1.ortho1.tre	SHI09970-RA	29883.m001986	691	2	144	548	507	285	[222, 507]
3042.inclade1.ortho1.tre	SHI00715-RA	29200.m000164	8020	6	6823	1198	1005	284	[378, 662]
2571.inclade1.ortho1.tre	SHI10068-RA	29666.m001452	13139	4	12243	897	897	283	[0, 283]
2643.inclade1.ortho1.tre	SHI17989-RA	59297.m000013	10499	7	8884	1616	1350	281	[0, 281]
1374.inclade1.ortho1.tre	SHI15454-RA	29647.m002039	23206	8	22407	800	738	281	[457, 738]
2918.inclade1.ortho1.tre	SHI25712-RA	30190.m010975	58192	6	57140	1053	927	280	[275, 555]
674.inclade1.ortho1.tre	SHI10034-RA	29948.m000710	17001	5	15965	1037	810	279	[531, 810]
2827.inclade1.ortho1.tre	SHI08141-RA	30170.m014065	24858	6	23623	1236	1236	279	[526, 805]
2592.inclade1.ortho1.tre	SHI05234-RA	29801.m003064	19545	5	18756	790	753	276	[123, 399]
1436.inclade1.ortho1.tre	SHI25243-RA	30055.m001590	16130	7	15031	1100	1041	275	[320, 595]
1984.inclade1.ortho1.tre	SHI40083-RA	30174.m008892	18475	5	17655	821	672	273	[237, 510]
2618.inclade1.ortho1.tre	SHI02591-RA	30073.m002296	11176	5	10178	999	999	273	[726, 999]
2359.inclade1.ortho1.tre	SHI08319-RA	30170.m013838	17082	24	14005	3078	3078	273	[2333, 2606]
1547.inclade1.ortho1.tre	SHI16392-RA	30204.m001736	18583	6	17851	733	531	272	[76, 348]
2848.inclade1.ortho1.tre	SHI00007-RA	29904.m003020	3457	13	1400	2058	1809	272	[379, 651]
2662.inclade1.ortho1.tre	SHI06127-RA	29991.m000642	2153	7	957	1197	951	271	[96, 367]
2570.inclade1.ortho1.tre	SHI20331-RA	29908.m006216	22028	4	21300	729	618	271	[0, 271]
2933.inclade1.ortho1.tre	SHI00034-RA	29904.m002984	16097	13	14724	1374	1374	271	[0, 271]
2935.inclade1.ortho1.tre	SHI00034-RA	29904.m002984	16097	13	14724	1374	1374	271	[0, 271]
2163.inclade1.ortho1.tre	SHI05416-RA	29851.m002430	10648	5	9962	687	687	271	[21, 292]
2379.inclade1.ortho1.tre	SHI18783-RA	29794.m003348	9254	2	8796	459	459	267	[0, 267]
1678.inclade1.ortho1.tre	SHI08726-RA	29676.m001686	17303	4	16341	963	723	267	[0, 267]
1422.inclade1.ortho1.tre	SHI18962-RA	29842.m003542	1649	5	514	1136	513	267	[246, 513]
2883.inclade1.ortho1.tre	SHI27918-RA	29739.m003757	28662	7	27395	1268	1071	265	[500, 765]
1977.inclade1.ortho1.tre	SHI13725-RA		4048	8	2816	1233	1032	264	[0, 264]
2406.inclade1.ortho1.tre	SHI18001-RA	29827.m002633	23706	8	22283	1424	1383	264	[954, 1218]
2803.inclade1.ortho1.tre	SHI13061-RA	29742.m001371	32655	6	31831	825	825	264	[551, 815]
1954.inclade1.ortho1.tre	SHI04093-RA		122704	22	119290	3415	3162	263	[1279, 1542]
2716.inclade1.ortho1.tre	SHI11217-RA	28694.m000671	38782	22	36328	2455	2427	263	[1329, 1592]
2590.inclade1.ortho1.tre	SHI11587-RA	29877.m000466	45736	11	43922	1815	1815	262	[256, 518]
2575.inclade1.ortho1.tre	SHI20252-RA		29993	10	28692	1302	1302	260	[259, 519]
1926.inclade1.ortho1.tre	SHI20948-RA	28359.m000275	23443	2	22641	803	468	260	[79, 339]
2231.inclade1.ortho1.tre	SHI11190-RA	27395.m000080	82286	14	80752	1535	1407	258	[846, 1104]
2606.inclade1.ortho1.tre	SHI02723-RA	29912.m005490	6951	2	6389	563	489	254	[235, 489]
1765.inclade1.ortho1.tre	SHI09317-RA	29122.m000027	21181	7	20318	864	864	253	[138, 391]
2796.inclade1.ortho1.tre	SHI11103-RA	30146.m003509	4338	2	4024	315	315	252	[0, 252]
1982.inclade1.ortho1.tre	SHI23033-RA	29992.m001445	2374	4	1157	1218	1023	250	[111, 361]
2904.inclade1.ortho1.tre	SHI09092-RA	30169.m006583	30815	5	29976	840	840	248	[0, 248]
2527.inclade1.ortho1.tre	SHI19186-RA	30140.m000569	3797	9	2181	1617	1407	248	[366, 614]
2144.inclade1.ortho1.tre	SHI00360-RA	29726.m003906	7739	5	6867	873	873	244	[390, 634]
2755.inclade1.ortho1.tre	SHI04087-RA	29212.m000180	9265	7	8498	768	768	244	[81, 325]
2396.inclade1.ortho1.tre	SHI20521-RA	29908.m006117	178717	12	176982	1736	1503	243	[822, 1065]
804.inclade1.ortho1.tre	SHI39590-RA	29884.m000184	2754	4	1804	951	816	242	[0, 242]
1062.inclade1.ortho1.tre	SHI05859-RA	30068.m002629	995	1	366	630	414	240	[0, 240]
1992.inclade1.ortho1.tre	SHI09598-RA	30101.m000385	52718	13	51285	1434	1434	239	[1042, 1281]
672.inclade1.ortho1.tre	SHI18081-RA	29841.m002805	34301	9	33222	1080	1080	239	[340, 579]
1382.inclade1.ortho1.tre	SHI15153-RA	29986.m001614	35499	3	34910	590	516	238	[0, 238]
2579.inclade1.ortho1.tre	SHI04891-RA	28806.m000146	3339	3	2575	765	570	234	[0, 234]
2956.inclade1.ortho1.tre	SHI19594-RA	29913.m000152	3628	10	1795	1834	1692	232	[818, 1050]
2679.inclade1.ortho1.tre	SHI17954-RA		2060	6	1236	825	696	231	[165, 396]
1148.inclade1.ortho1.tre	SHI00274-RA	29726.m004026	25758	11	24187	1572	1572	231	[1152, 1383]
2418.inclade1.ortho1.tre	SHI28490-RA	29900.m001551	33514	6	32819	696	582	230	[317, 547]
1938.inclade1.ortho1.tre	SHI18238-RA	30128.m008674	27654	4	27124	531	531	229	[270, 499]
1454.inclade1.ortho1.tre	SHI42436-RA	29751.m001906	227	0	0	228	228	228	[0, 228]
2686.inclade1.ortho1.tre	SHI09384-RA	29706.m001326	43908	18	41880	2029	1839	228	[1155, 1383]
1015.inclade1.ortho1.tre	SHI09760-RA	28492.m000486	3698	11	2237	1462	1434	225	[969, 1194]
1890.inclade1.ortho1.tre	SHI02152-RA	29842.m003689	20645	4	19554	1092	858	224	[535, 759]
2467.inclade1.ortho1.tre	SHI03744-RA	28124.m000244	19103	6	18356	748	660	223	[143, 366]
1706.inclade1.ortho1.tre	SHI21271-RA	29839.m000431	20140	8	18986	1155	1155	223	[932, 1155]
1932.inclade1.ortho1.tre	SHI13690-RA	29929.m004551	12546	2	11937	610	453	222	[0, 222]
2877.inclade1.ortho1.tre	SHI16471-RA	28515.m000314	43650	5	42583	1068	981	220	[761, 981]
2008.inclade1.ortho1.tre	SHI08232-RA	30170.m013934	36869	13	35149	1721	1614	219	[1395, 1614]
1622.inclade1.ortho1.tre	SHI24498-RA	29869.m001163	3051	1	2776	276	276	218	[58, 276]
1615.inclade1.ortho1.tre	SHI17054-RA	30071.m000429	44666	7	43533	1134	924	217	[9, 226]
1664.inclade1.ortho1.tre	SHI04008-RA	29889.m003393	16895	4	16347	549	549	216	[86, 302]
2382.inclade1.ortho1.tre	SHI00391-RA	29844.m003333	30915	9	29950	966	966	216	[67, 283]
2985.inclade1.ortho1.tre	SHI16661-RA	28842.m000917	6953	9	5769	1185	1179	215	[871, 1086]
1310.inclade1.ortho1.tre	SHI15430-RA	29844.m003276	706	2	176	531	531	215	[0, 215]
1558.inclade1.ortho1.tre	SHI21646-RA	29278.m000140	9506	7	8347	1160	1143	213	[402, 615]
836.inclade1.ortho1.tre	SHI32269-RA	28772.m000014	23932	5	23351	582	582	211	[0, 211]
1472.inclade1.ortho1.tre	SHI00106-RA	29889.m003343	974	2	167	808	405	210	[195, 405]
2599.inclade1.ortho1.tre	SHI07230-RA	29827.m002585	31473	19	29504	1970	1800	209	[1591, 1800]
2141.inclade1.ortho1.tre	SHI13682-RA	29908.m006233	4948	3	4238	711	582	208	[292, 500]
2637.inclade1.ortho1.tre	SHI04911-RA	29804.m001505	43572	8	42514	1059	1059	207	[0, 207]
2235.inclade1.ortho1.tre	SHI02180-RA	29842.m003617	14316	6	13148	1169	720	207	[513, 720]
2482.inclade1.ortho1.tre	SHI33773-RA	29844.m003195	721	4	96	626	612	206	[129, 335]
2475.inclade1.ortho1.tre	SHI25226-RA		6948	4	6259	690	606	204	[285, 489]
3031.inclade1.ortho1.tre	SHI05688-RA	29711.m000320	7995	7	6972	1024	747	204	[390, 594]
1445.inclade1.ortho1.tre	SHI08112-RA	30170.m014121	8700	5	7783	918	789	204	[0, 204]
1464.inclade1.ortho1.tre	SHI18297-RA	30128.m008647	10635	2	10309	327	327	204	[123, 327]
1371.inclade1.ortho1.tre	SHI11001-RA	30146.m003557	739	3	278	462	462	204	[258, 462]
2802.inclade1.ortho1.tre	SHI29109-RA	29577.m000444	23062	5	22358	705	705	204	[327, 531]
3062.inclade1.ortho1.tre	SHI13355-RA	30174.m008673	9091	4	8191	901	765	202	[0, 202]
2964.inclade1.ortho1.tre	SHI08053-RA	30170.m014385	8152	8	7151	1002	792	201	[96, 297]
2810.inclade1.ortho1.tre	SHI04490-RA	29692.m000529	62446	16	60734	1713	1713	200	[1114, 1314]
1638.inclade1.ortho1.tre	SHI26465-RA	29629.m001424	29461	4	28676	786	612	198	[0, 198]
2206.inclade1.ortho1.tre	SHI08201-RA	29822.m003476	21081	14	19028	2054	1827	198	[870, 1068]
2880.inclade1.ortho1.tre	SHI05673-RA	29711.m000333	2955	5	2266	690	690	195	[495, 690]
1985.inclade1.ortho1.tre	SHI02110-RA	29933.m001421	10896	8	9903	994	978	193	[11, 204]
2811.inclade1.ortho1.tre	SHI13483-RA	30174.m008963	4641	7	3856	786	786	192	[0, 192]
2759.inclade1.ortho1.tre	SHI13849-RA	30147.m014164	42889	4	41979	911	663	191	[346, 537]
2417.inclade1.ortho1.tre	SHI31287-RA	28281.m000362	4436	6	3607	830	780	188	[0, 188]
2428.inclade1.ortho1.tre	SHI17732-RA	29631.m001050	1804	5	886	919	738	187	[551, 738]
2585.inclade1.ortho1.tre	SHI18353-RA	30128.m008615	75208	12	74120	1089	1089	187	[0, 187]
1997.inclade1.ortho1.tre	SHI19195-RA	29932.m000618	12651	5	11617	1035	972	187	[640, 827]
644.inclade1.ortho1.tre	SHI03076-RA	29462.m000375	2259	1	2059	201	201	187	[14, 201]
2614.inclade1.ortho1.tre	SHI23993-RA		59268	8	58366	903	903	186	[0, 186]
838.inclade1.ortho1.tre	SHI14385-RA		30709	5	29904	806	615	186	[0, 186]
1628.inclade1.ortho1.tre	SHI23560-RA	29727.m000469	2933	5	2307	627	627	186	[441, 627]
1897.inclade1.ortho1.tre	SHI16603-RA	29990.m000502	35219	9	34422	798	798	186	[458, 644]
1910.inclade1.ortho1.tre	SHI19066-RA	28613.m000142	21669	6	20950	720	651	185	[152, 337]
701.inclade1.ortho1.tre	SHI01719-RA	29634.m002124	26467	5	25790	678	582	185	[0, 185]
3029.inclade1.ortho1.tre	SHI10527-RA	29634.m002145	1087	4	293	795	795	184	[0, 184]
1418.inclade1.ortho1.tre	SHI08745-RA	29842.m003539	26506	10	25078	1429	1266	184	[139, 323]
2178.inclade1.ortho1.tre	SHI13602-RA	30174.m008783	3341	4	2637	705	705	183	[0, 183]
2745.inclade1.ortho1.tre	SHI10277-RA	29596.m000717	9713	7	8606	1108	960	183	[309, 492]
2882.inclade1.ortho1.tre	SHI03903-RA	30190.m010953	22680	6	22012	669	669	182	[16, 198]
1727.inclade1.ortho1.tre	SHI03519-RA	29669.m000796	28904	10	27900	1005	1005	179	[826, 1005]
2389.inclade1.ortho1.tre	SHI08376-RA	29729.m002394	13925	5	13163	763	672	177	[420, 597]
1490.inclade1.ortho1.tre	SHI02007-RA		34338	12	32842	1497	1314	176	[1138, 1314]
2916.inclade1.ortho1.tre	SHI06019-RA		1701	9	804	898	876	175	[209, 384]
1281.inclade1.ortho1.tre	SHI18324-RA	30128.m008634	110419	25	107611	2809	2586	174	[2178, 2352]
1952.inclade1.ortho1.tre	SHI36421-RA	30147.m013901	89686	9	88743	944	837	174	[663, 837]
3047.inclade1.ortho1.tre	SHI10163-RA	34989.m000014	53438	17	51810	1629	1533	174	[409, 583]
988.inclade1.ortho1.tre	SHI25218-RA	29727.m000478	11861	5	11012	850	741	172	[94, 266]
2620.inclade1.ortho1.tre	SHI18589-RA	29912.m005574	42475	4	41878	598	555	171	[203, 374]
2199.inclade1.ortho1.tre	SHI25369-RA	29942.m000758	7839	3	7519	321	321	170	[0, 170]
1621.inclade1.ortho1.tre	SHI13750-RA	30169.m006577	19646	5	19134	513	513	169	[9, 178]
2749.inclade1.ortho1.tre	SHI00036-RA	29938.m000591	86734	7	85847	888	888	168	[0, 168]
2573.inclade1.ortho1.tre	SHI18990-RA	30174.m009043	811	3	284	528	528	165	[363, 528]
2743.inclade1.ortho1.tre	SHI24908-RA	29693.m002009	786	1	511	276	276	165	[111, 276]
1536.inclade1.ortho1.tre	SHI29789-RA	30169.m006445	65098	3	64733	366	366	165	[192, 357]
1908.inclade1.ortho1.tre	SHI04924-RA	29804.m001548	30928	16	29375	1554	1554	162	[207, 369]
1649.inclade1.ortho1.tre	SHI02879-RA	29462.m000384	2976	8	2062	915	867	162	[705, 867]
2440.inclade1.ortho1.tre	SHI07995-RA	30170.m014360	11598	4	11062	537	396	159	[0, 159]
2635.inclade1.ortho1.tre	SHI07033-RA	30190.m010783	19802	5	19040	763	591	157	[203, 360]
2510.inclade1.ortho1.tre	SHI03425-RA	28162.m000126	11992	5	11207	786	672	154	[380, 534]
1759.inclade1.ortho1.tre	SHI26375-RA	30174.m009140	58887	8	58060	828	828	148	[91, 239]
2787.inclade1.ortho1.tre	SHI12380-RA	28324.m000394	61151	6	60387	765	744	147	[0, 147]
3025.inclade1.ortho1.tre	SHI04150-RA	30128.m009036	2737	7	1859	879	879	147	[732, 879]
3013.inclade1.ortho1.tre	SHI08972-RA	29113.m000030	1319	5	702	618	618	147	[157, 304]
2395.inclade1.ortho1.tre	SHI21227-RA	30158.m000503	1141	3	771	371	306	144	[0, 144]
56.inclade1.ortho1.tre	SHI00671-RA	29603.m000526	868	3	286	583	435	144	[0, 144]
70.inclade1.ortho1.tre	SHI00671-RA	29603.m000526	868	3	286	583	435	144	[0, 144]
1614.inclade1.ortho1.tre	SHI24417-RA	29836.m000577	2826	7	2064	763	687	144	[359, 503]
1409.inclade1.ortho1.tre	SHI14064-RA	30147.m014275	119961	7	119155	807	642	140	[213, 353]
2384.inclade1.ortho1.tre	SHI07214-RA	29736.m002106	20178	6	19529	650	540	140	[59, 199]
2139.inclade1.ortho1.tre	SHI00890-RA	29734.m000416	346	1	86	261	261	138	[123, 261]
1946.inclade1.ortho1.tre	SHI19187-RA	30140.m000572	2725	4	2264	462	417	135	[174, 309]
2798.inclade1.ortho1.tre	SHI28907-RA	27687.m000066	9574	4	9045	530	408	134	[193, 327]
2314.inclade1.ortho1.tre	SHI00735-RA	29981.m000593	1135	4	511	625	411	133	[105, 238]
2747.inclade1.ortho1.tre	SHI14568-RA	29647.m002073	62296	4	61594	703	519	133	[169, 302]
1731.inclade1.ortho1.tre	SHI37394-RA	29358.m000044	2933	11	1856	1078	1011	129	[882, 1011]
1629.inclade1.ortho1.tre	SHI18067-RA	30128.m008895	25494	6	24749	746	558	126	[69, 195]
2588.inclade1.ortho1.tre	SHI30158-RA	29673.m000911	15979	3	15167	813	426	126	[0, 126]
2615.inclade1.ortho1.tre	SHI17597-RA	30156.m001752	91704	9	90854	851	690	126	[564, 690]
936.inclade1.ortho1.tre	SHI02850-RA	29687.m000567	2117	4	760	1358	237	126	[111, 237]
2917.inclade1.ortho1.tre	SHI29944-RA	30147.m014119	44478	8	43619	860	681	123	[120, 243]
2457.inclade1.ortho1.tre	SHI08273-RA	30170.m013876	16378	3	15651	728	369	123	[0, 123]
2143.inclade1.ortho1.tre	SHI22285-RA	29933.m001394	49600	3	49193	408	408	122	[180, 302]
1754.inclade1.ortho1.tre	SHI05839-RA	30122.m000357	27986	9	26970	1017	1017	120	[794, 914]
2472.inclade1.ortho1.tre	SHI25257-RA		6958	6	6407	552	552	118	[137, 255]
1922.inclade1.ortho1.tre	SHI28346-RA	29601.m000451	126402	10	125692	711	711	117	[385, 502]
1379.inclade1.ortho1.tre	SHI50556-RA	29818.m000406	4383	3	4156	228	228	116	[24, 140]
1641.inclade1.ortho1.tre	SHI09041-RA	29889.m003419	1847	8	1167	681	681	112	[569, 681]
2149.inclade1.ortho1.tre	SHI03143-RA	30018.m000549	29432	5	28917	516	402	111	[291, 402]
1900.inclade1.ortho1.tre	SHI21441-RA	30169.m006350	39595	11	38812	784	714	111	[123, 234]
2572.inclade1.ortho1.tre	SHI21583-RA	30076.m004680	23141	5	22662	480	480	111	[369, 480]
2763.inclade1.ortho1.tre	SHI30460-RA	30174.m008994	6838	10	6098	741	741	105	[0, 105]
2378.inclade1.ortho1.tre	SHI07963-RA	30170.m013710	392	2	174	219	219	99	[54, 153]
2157.inclade1.ortho1.tre	30147.m014188								
3034.inclade1.ortho1.tre	29929.m004583								
2657.inclade1.ortho1.tre	29908.m006183								
1064.inclade1.ortho1.tre	29701.m000595								
2152.inclade1.ortho1.tre	27914.m000412								
2422.inclade1.ortho1.tre	30138.m004002								
2699.inclade1.ortho1.tre	28863.m000092								
2795.inclade1.ortho1.tre	29993.m001036								
744.inclade1.ortho1.tre	29929.m004555								
852.inclade1.ortho1.tre	29912.m005359								
1178.inclade1.ortho1.tre	30221.m002241								
1477.inclade1.ortho1.tre	29836.m000589								
2140.inclade1.ortho1.tre	30190.m011182								
2233.inclade1.ortho1.tre	30205.m001612								
2435.inclade1.ortho1.tre	29904.m002982								
2766.inclade1.ortho1.tre	30076.m004502								
2920.inclade1.ortho1.tre	30169.m006459								
1414.inclade1.ortho1.tre	30169.m006481								
2009.inclade1.ortho1.tre	29737.m001213								
2546.inclade1.ortho1.tre	30078.m002306								
1451.inclade1.ortho1.tre	30143.m001179								
1905.inclade1.ortho1.tre	30190.m011127								
2056.inclade1.ortho1.tre	29763.m000194								
777.inclade1.ortho1.tre	29929.m004508								
2447.inclade1.ortho1.tre	29676.m001691								
2769.inclade1.ortho1.tre	30190.m011020								
3065.inclade1.ortho1.tre	27529.m000047								
1348.inclade1.ortho1.tre									