0.0786089171
0.0512463386
0.1175693784
0.1101820392
0.1872364819
0.117349085
0.1365535216
0.1073399152
0.1065715334
0.1184430806
0.0801623038
0.0782479251
0.116072669
0.0766405232
0.0659709457
0.1344915416
0.0808926073
0.1319848584
0.0628871275
0.1474209093
0.1318595593
0.1010248761
0.1603261033
0.1035008089
0.1778827831
0.1278370881
0.1062238404
0.1132684984
0.1076934526
0.1164152343
0.154139276
0.220031147
0.1835341686
0.1243811241
0.135768014
0.10938303
0.1168862257
0.0614183969
0.1351131376
0.2151303676
0.1601210111
0.0965019726
0.1952300321
0.1025157033
0.1031425363
0.1551999424
0.1405492077
0.0960005583
0.1312033235
0.0870586992
0.0763412938
0.1068647617
0.1658010249
0.1541165242
0.1380444825
0.1133449611
0.056061901
0.0749611001
0.1095860009
0.1864882812
0.09888792
0.1239206581
0.1199504184
0.1133090385
0.1149264437
0.1134171572
0.1002319752
0.1816436021
0.1328742602
0.203199498
0.1100159851
0.1416199285
0.1536721235
0.145042232
0.0721776121
0.1380636392
0.1773830725
0.0924237789
0.0968617794
0.0599429732
0.0912976821
0.1036979355
0.1201097496
0.149797015
0.1216927555
0.1156758465
0.0914930251
0.1220482689
0.1012587071
0.1865847675
0.0841352213
0.0955785532
0.1220430535
0.2467055216
0.1563396116
0.0912644056
0.1803631563
0.1305633759
0.1209905846
0.090498389
0.088295145
0.1282058657
0.0676825886
0.0852207153
0.0824880449
0.0635859104
0.1225121888
0.1206493208
0.0771459734
0.230250317
0.106716972
0.1270389575
0.0954952731
0.0812598465
0.1269307024
0.0712802153
0.1637914662
0.1229018731
0.1019158669
0.1105983303
0.1656560473
0.1434817928
0.0981272657
0.0691495258
0.1055187667
0.0879704779
0.1100805245
0.0808494595
0.1198689072
0.1160783617
0.0929892121
0.0774064885
0.1211795399
0.1064826575
0.0937371474
0.1276664104
0.0952119802
0.2812166637
0.1477319757
0.0754203508
0.0899005232
0.1258727389
0.1396299872
0.2404498196
0.1214610448
0.1860043752
0.1293604251
0.1653591997
0.1067602241
0.1059524335
0.1200028913
0.1163061401
0.1483107971
0.2014921066
0.1414518617
0.1586145992
0.1317694654
0.1202792027
0.0588436908
0.1386453136
0.1507358008
0.1420370059
0.1086307323
0.0859993716
0.1157735971
0.1223792728
0.1106644441
0.1696705781
0.1302793306
0.0933859185
0.1432505664
0.0962785684
0.1082150842
0.0827835657
0.0797559397
0.1682111795
0.1227832471
0.1210704609
0.117755154
0.1699839286
0.1006982071
0.1575141572
0.0954789239
0.0762608229
0.145489018
0.1645128371
0.087788089
0.0835488639
0.0828213261
0.1468947208
0.0969050002
0.1641926302
0.0784383742
0.1774606243
0.0889774664
0.1276474165
0.0386271246
0.1276981589
0.1079016021
0.06883478
0.1267682829
0.154396185
0.1420231943
0.1647993786
0.1482155222
0.1346965455
0.1030708848
0.1952678634
0.1168068192
0.0520976512
0.0771796358
0.0980338335
0.1709960521
0.1132776188
0.1158385497
0.123249156
0.0812701721
0.1111016202
0.0914820813
0.1112785524
0.0788737861
0.2471482479
0.1013076428
0.166407541
0.1155953808
0.1260874722
0.1365940626
0.0371865521
0.0982055125
0.2176476764
0.1245613072
0.0619007912
0.1014695028
0.1122573757
0.1238816545
0.129546708
0.1175056232
0.0802223339
0.1001359508
0.0766717056
0.1269710846
0.0906714646
0.0928153921
0.1679090505
0.1617039539
0.0880091224
0.0767826608
0.1658725566
0.1305017829
0.0875295745
0.130399434
0.1132988377
0.1325213508
0.1301757886
0.1229366532
0.0702275479
0.1027400128
0.1341768575
0.0870051366
0.1270351661
0.1901620435
0.1114053498
0.1366007721
0.1853411485
0.0588075154
0.0639093129
0.1242939621
0.1180289088
0.1611464663
0.1432045995
0.1075806928
0.1168228092
0.058500757
0.0735509113
0.1887918979
0.0821485525
0.108558686
0.1563922076
0.1027948281
0.1161723576
0.1324805691
0.1806246908
0.1086494618
0.0932629368
0.1170051167
0.0731784999
0.1306806643
0.0967828416
0.090728241
0.1615753297
0.1028462335
0.0966107695
0.1014009985
0.0810351619
0.2270691406
0.1138734478
0.1209194578
0.1155460263
0.0893014352
0.1013869481
0.0642021559
0.077441608
0.1040721973
0.1232090382
0.0950785856
0.1323525002
0.1185624825
0.1321993179
0.1430705857
0.1210805339
0.1283421795
0.1280087446
0.1075026007
0.1394090263
0.1217017597
0.125456088
0.0849045757
0.1071054082
0.1315673694
0.1108144033
0.0750218746
0.1220622173
0.1624579155
0.1579875156
0.0880748188
0.0969979217
0.09602036
0.0677627854
0.1400279091
0.1050161121
0.1046411409
0.0913294641
0.1133846499
0.1273502032
0.1525032868
0.1225941327
0.0606984889
0.0754291767
0.1058579217
0.1378565706
0.0666278594
0.1100898805
0.1071821056
0.1521332746
0.146242323
0.1341193343
0.1044356477
0.0995251819
0.0777862376
0.1255903389
0.1071332402
0.1334287788
0.1177073688
0.1224602896
0.1304379738
0.1763192752
0.1145173662
0.1153793377
0.1187667288
0.1330957512
0.1276053413
0.1688832009
0.1985485625
0.0628126299
0.1432111247
0.1184709778
0.1454127155
0.0865448369
0.153149378
0.1876534659
0.1079081342
0.0770752411
0.1173666794
0.0896180906
0.0594921493
0.1150501601
0.1072748795
0.157498216
0.0838766416
0.1258792482
0.1034676858
0.1113030473
0.1069328976
0.107551057
0.1367574848
0.1107639919
0.1301552839
0.1158791996
0.1934101791
0.068951056
0.0605547699
0.1333975251
0.1376838064
0.1296813176
0.1216105807
0.2126649481
0.095518269
0.0783471244
0.1004186811
0.1082756489
0.053153757
0.2873722744
0.0921752168
0.1084994678
0.1882009349
0.127140503
0.086432172
0.1635030566
0.0932381503
0.1252824709
0.1181093976
0.142910562
0.1121780957
0.1338188686
0.1319513278
0.1015600492
0.1275351149
0.1099693601
0.1434920116
0.1061596908
0.1181737124
0.1328473565
0.106726233
0.1341696839
0.146101461
0.1409262184
0.0772245445
0.0887498201
0.1629436886
0.0887770466
0.1703298963
0.0761023625
0.0908817369
0.1576947276
0.1030626814
0.1736132156
0.0852153142
0.0910767022
0.1099821287
0.0971566295
0.1327990897
0.1207189662
0.0853853004
0.0703198237
0.1152310194
0.0568986609
0.0898911027
0.1108610015
0.0724847638
0.1545790893
0.1733106667
0.1734971096
0.0935981173
0.1492517509
0.097488163
0.1432663289
0.1051390463
0.0954942006
0.0832478741
0.1343061528
0.1057480167
0.1023881172
0.0897348304
0.1759235644
0.0666089726
0.1161400097
0.0998083242
0.0653373722
0.0938130719
0.0768986383
0.1066223202
0.1246867993
0.1149983712
0.1370406953
0.1035082655
0.1018700797
0.1231768843
0.1551516904
0.0862968378
0.1299296351
0.1177600222
0.0957683746
0.1550718669
0.134924711
0.1498040242
0.0988658117
0.0630346846
0.0851877949
0.1501215453
0.0880348213
0.0730595869
0.1109880077
0.0869598853
0.1044224959
0.0903895936
0.1093866373
0.1311136649
0.1148074557
0.1330305303
0.1013036141
0.1100228851
0.1151393427
0.0769484821
0.1073175912
0.1265743314
0.1414324651
0.1960056722
0.1160680735
0.094825355
0.1418965921
0.1162578016
0.0872859959
0.1000339602
0.1204613688
0.1413526246
0.0807126395
0.1096793039
0.2323418325
0.1028631021
0.1274534766
0.1125221071
0.1151977507
0.1527202956
0.175534553
0.0737215407
0.1080633306
0.0556567933
0.1213812443
0.1074980772
0.0917346085
0.0763852413
0.0717076126
0.1349797139
0.1027362484
0.0851432283
0.1044242727
0.1638776131
0.1769542524
0.1152563238
0.0864479189
0.1293992727
0.1035473291
0.0519863904
0.0931260207
0.0797525835
0.111071792
0.1118099676
0.158610914
0.1360677931
0.2469614996
0.1515928575
0.0904911342
0.0722988881
0.0829775296
0.1672021344
0.0890683889
0.0939020578
0.1160076168
0.0871955274
0.1100608441
0.1623692273
0.0888569721
0.1821282254
0.1088125216
0.1255014918
0.0896809205
0.10325611
0.0969277082
0.1158966354
0.3036026676
0.0969629716
0.1300840616
0.1189637957
0.0979961242
0.0832177475
0.0709280166
0.1695447585
0.120192069
0.0890370733
0.1072488933
0.1899043415
0.0660563673
0.0763449167
0.0957707828
0.1626326587
0.0655383916
0.085078742
0.0767493756
0.1101833591
0.205948477
0.1400159364
0.0836561659
0.1266342268
0.0949919934
0.1012926513
0.1255816236
0.1558512076
0.0685733161
0.0681530237
0.0756590146
0.1261333366
0.1272973117
0.0922028733
0.0974903949
0.145935475
0.1141027615
0.0718869822
0.1692143462
0.0935612
0.0905725948
0.0872961336
0.251947948
0.0942140791
0.1376706009
0.0725416726
0.1188393334
0.152988901
0.0894448606
0.2507183374
0.0751465699
0.1039155059
0.1453486037
0.0773444539
0.1021396719
0.0968444188
0.1974926908
0.1508842811
0.1140525932
0.1247419867
0.1092653984
0.1156371212
0.1069235251
0.0923259518
0.1474861965
0.1504433688
0.0786108935
0.0879067242
0.1082018972
0.1125226832
0.0958154922
0.0840120092
0.1002016068
0.1152075472
0.1116177763
0.1350354823
0.0839698813
0.1065630975
0.0777524228
0.1190834654
0.1662142301
0.0674427576
0.1168832894
0.1209325892
0.0773064566
0.0974124799
0.0765279032
0.1071749646
0.0999731409
0.0882048099
0.1232226284
0.0955901913
0.105064078
0.0906852611
0.1545721326
0.1356213705
0.1432771708
0.0907625211
0.1179703522
0.1391872884
0.1353081162
1.1159605644
0.1450525159
0.1627601864
0.0580549285
0.0647785136
0.0902487257
0.1027100338
0.0886691689
0.1002127243
0.1565443664
0.1118450186
0.1437326313
0.0864461467
0.0855342537
0.2422939742
0.1465266656
0.0951840962
0.2105690051
0.0774284072
0.1104708182
0.1446112496
0.0697866638
0.1565392757
0.1150140263
0.1036442661
0.1095918769
0.0780225458
0.0585327203
0.1015618421
0.1131268046
0.0947661518
0.1156581919
0.1085423191
0.124981872
0.2085287541
0.0838875172
0.1817556056
0.102370353
0.1771616612
0.2149409979
0.1315979048
0.1517616008
0.1221843406
0.1218885434
0.1024464227
0.154740638
0.109351435
0.098462917
0.1508723061
0.0764575592
0.0819851046
0.0651986872
0.1056566033
0.1085227077
0.1236803879
0.1175606891
0.1448795313
0.0966354709
0.1760730715
0.1267975304
0.1520031381
0.1107085197
0.1350148431
0.1079174752
0.1035711494
0.1164285356
0.1769658985
0.0794575694
0.1414379191
0.164131373
0.2301574742
0.0538532692
0.1033327467
0.0981456261
0.1250090838
0.0950784051
0.1639846288
0.072123994
0.086723331
0.1086684234
0.1211008967
0.1114955567
0.1263630444
0.0986343669
0.0827907485
0.1015601013
0.1288374822
0.1936059442
0.1173250794
0.1673401981
0.0774078179
0.171787872
0.1607839232
0.0858756705
0.0905025366
0.0991585441
0.0649988713
0.1457359019
0.0639885366
0.1521669116
0.0618138104
0.1070580164
0.1321503671
0.1287520794
0.1147743609
0.0753893419
0.1678077405
0.1320939372
0.0945698717
0.1280310343
0.1033335414
0.1156122099
0.1257898209
0.0928716218
0.1229736238
0.0713201204
0.0671231923
0.1044658381
0.0956438574
0.1173413036
0.0955782626
0.1072969735
0.0762087105
0.145589084
0.1482446402
0.123739204
0.0799998949
0.0802043783
0.1688258857
0.1097127397
0.0786635951
0.1021384265
0.1039396686
0.0711461517
0.1451673023
0.0673164021
0.1227399086
0.1343488861
0.0781567425
0.1016475068
0.063362106
0.0895012161
0.0803825584
0.1412236453
0.0908823473
0.0670750153
0.1170368786
0.0702053527
0.08216759
0.2971329853
0.1113908784
0.0824224683
0.0798530725
0.0721124729
0.1106144912
0.124178383
0.1428187168
0.1550399391
0.1252452867
0.0942474976
0.0636759977
0.1214171965
0.1966045037
0.1769290291
0.0888768175
0.1062406415
0.1343219539
0.0771923638
0.1421540558
0.0816084668
0.14231178
0.0991179788
0.169530931
0.0948852278
0.0730417912
0.0541800166
0.1788709351
0.0766322922
0.0947486539
0.1590909419
0.1023926671
0.0875161118
0.1171552644
0.1085482239
0.0659959458
0.1007659433
0.0759743375
0.1715377586
0.1242929316
0.1936055077
0.0746311347
0.1299801612
0.0842105945
0.0832626508
0.172862422
0.1325975893
0.0858163415
0.1679145963
0.073878319
0.1062919246
0.0895428776
0.2085791173
0.0974463566
0.2478258584
0.0802004425
0.1049510516
0.1334817111
0.1770504077
0.1891794682
0.1758207211
0.1410437612
0.1214719868
0.0976008592
0.092343623
0.0951450981
0.1002841264
0.098448188
0.1004985035
0.0960678368
0.1257291278
0.2240743988
0.0992541999
0.073975241
0.0834463869
0.1320339212
0.1227648785
0.125552818
0.0811333694
0.1842543451
0.080455716
0.1954418232
0.1003711575
0.0953130036
0.179625104
0.117291664
0.1715935457
0.11674511
0.11098922
0.0852115871
0.0930282669
0.1086326718
0.0586069982
0.1281628226
0.104271733
0.1515605232
0.0929564255
0.0973572977
0.134809715
0.1140376236
0.1235139648
0.1351507249
0.1194095911
0.0863096637
0.1574850872
0.1632815824
0.1173499717
0.1029498048
0.1188343953
0.0934196019
0.1269152567
0.1140816565
0.1185598231
0.1340698668
0.1151702208
0.0944797752
0.1277409537
0.1050056566
0.0811662685
0.1364803532
0.103570818
0.162120564
0.0720955413
0.1282209499
0.1556146016
0.1628707169
0.0979118996
0.1499111351
0.1415302001
0.1615343536
0.1273170234
0.0655571119
0.0825589986
0.1153898016
0.1053950914
0.109560831
0.1373460683
0.0734568373
0.104442624
0.0897579477
0.0835487392
0.1188921282
0.123004761
0.2100462665
0.1295390821
0.0748873125
0.2066952499
0.1182099811
0.134895668
0.1599675157
0.1071987916
0.1041745321
0.1463254232
0.0788662156
0.0903777243
0.2377062317
0.1794171777
0.1314968849
0.136977429
0.1357505174
0.1147011962
0.099789254
0.1086822149
0.1139413994
0.14889648
0.1116140026
0.1364089825
0.1471001723
0.0811193511
0.1272016101
0.094400545
0.1415821442
0.1188019008
0.1566107275
0.0968324044
0.1262063807
0.0973934549
0.1100730426
0.0999385969
0.112654949
0.1535142862
0.1382019324
0.1113286867
0.1116071291
0.0978514117
0.10112816
0.0853732737
0.0643797382
0.1149248372
0.0789356074
0.1372967474
0.1302251114
0.1172644294
0.1151520845
0.1225001905
0.050859239
0.1294101057
0.107254647
0.0448710428
0.0679861352
0.0888543224
0.0952279087
0.1356002134
0.0735927681
0.1080424839
0.2386014183
0.0836315505
0.1053750139
0.1455298812
0.0862358175
0.1364593022
0.125614974
0.0774759204
0.1432196819
0.0808727211
0.1204414464
0.1287655803
0.1124170971
0.0927615318
0.1077513185
0.121695135
0.1484702104
0.1014538335
0.1214317596
0.1432000039
0.2424448591
0.1216406925
0.1897008233
0.1130167635
0.1120975028
0.0847073415
0.0733197751
0.1105107452
0.1093055788
0.1802175712
0.1489954244
0.1311872097
0.1286357954
0.0978351011
0.0889693503
0.1129451656
0.1056884482
0.1084117099
0.0873596947
0.1008890723
0.0819322653
0.1000744012
0.1425739922
0.1490919715
0.1844494724
0.1274929175
0.101488706
0.1114255157
0.1629236677
0.1238813475
0.1032265608
0.1474055758
0.0917835203
0.1130832666
0.0553323331
0.0869083704
0.1536208305
0.1559885617
0.0650344888
0.2416467069
0.1731023336
0.0977255433
0.1427791575
0.1310507336
0.1400322105
0.1010716501
0.1070296015
0.0894347926
0.1160645856
0.1419960518
0.106954248
0.1628404484
0.0829934882
0.0982269686
0.1267167761
0.1327293507
0.0851588525
0.0971743713
0.0864578769
0.066981592
0.0803504847
0.0884343954
0.1148793135
0.1086420728
0.1377952664
0.0888003665
0.1257681146
0.1514236694
0.1142973183
0.1637914346
0.1214513303
0.0853904602
0.1362937686
0.0970924368
0.0843404837
0.1173318371
0.1049080921
0.1380973013
0.0979043756
0.0734210805
0.0735139344
0.1765358499
0.1148242893
0.0698376548
0.1973110625
0.1649876007
0.1135061654
0.0659703328
0.1082220938
0.1096101051
0.0799870815
0.1315570985
0.0752388457
0.1335820017
0.1687412233
0.0771250074
0.1049668765
0.0955882112
0.1146927412
0.1563522292
0.1366083861
0.099399129
0.1042387724
0.1169075054
0.1039240472
0.1227771676
0.1167682931
0.1070029601
0.0595846199
0.2063980322
0.0766748194
0.1676161308
0.1090573102
0.089620107
0.2123938104
0.0968636334
0.2038129166
0.0967196339
0.1231101962
0.1339279834
0.0803789621
0.1058460448
0.0950712948
0.1079567597
0.0815928731
0.1097648971
0.1233190034
0.0811951613
0.0991623894
0.0871129013
0.1984423867
0.112228626
0.0599959403
0.1250858332
0.062424592
0.1039985732
0.08001731
0.1068956074
0.1650869828
0.0914711166
0.1528757052
0.108519396
0.1067530754
0.0897892091
0.1162763321
0.1437009941
0.1312166264
0.1729566354
0.1176109131
0.1082853917
0.111634056
0.1510983844
0.0842945426
0.1006353956
0.1017386561
0.1411915598
0.1633431781
0.136229108
0.1211134864
0.1119831343
0.1265225979
0.1911524854
0.0990880854
0.1014466014
0.1398939242
0.0723360625
0.0983648649
0.0951569651
0.1042590026
0.1024171759
0.0733565173
0.0808551645
0.1266877864
0.1078581994
0.0839576599
0.144118113
0.0954228117
0.1075964931
0.0752528163
0.1097567383
0.1518372026
0.1153713311
0.1015652429
0.1044814345
0.0972564013
0.1068889579
0.0849289879
0.1405459082
0.0765194755
0.0787862705
0.1646569758
0.1525602395
0.1195246968
0.1268214736
0.0863612318
0.0908200315
0.1133392129
0.1003756252
0.1643344772
0.0994605686
0.105445108
0.1369910211
0.1738780541
0.1181735441
0.1697275366
0.1200775115
0.1049971592
0.1264600916
0.1601291275
0.1876756273
0.1745741588
0.1334442138
0.104460363
0.1104380758
0.1234070791
0.1405564553
0.1235525163
0.1279810433
0.0988832442
0.1794093675
0.0845400091
0.1097621087
0.1693636738
0.0783283961
0.1184233266
0.0883116136
0.0976656814
0.0552319868
0.0791329884
0.0770721119
0.089250191
0.1139359169
0.081515043
0.0780506867
0.0831521113
0.1513165481
0.0864604232
0.074011588
0.1103325932
0.0952182476
0.1203799661
0.1714678553
0.1451113981
0.0815180843
0.1840894206
0.2484643999
0.1106898613
0.1589826426
0.1086486313
0.0725925984
0.1714370235
0.0995750037
0.148797306
0.0729266337
0.1043049686
0.093747847
0.1031742893
0.0952689502
0.1251291136
0.0911269816
0.095698202
0.1427973256
0.0885155838
0.1506465684
0.1675121772
0.188796414
0.0846830317
0.0955582634
0.081891118
0.0976866065
0.1171564541
0.1230454542
0.1247632767
0.0837540147
0.1269311103
0.1379639457
0.1165031571
0.0908080728
0.0912862335
0.1355825292
0.0610142849
0.1692474023
0.2886755904
0.1065522901
0.136518202
0.1270337567
0.1728477189
0.1412976946
0.1282034356
0.1589605204
0.0992186725
0.100916331
0.0886880457
0.1057818476
0.1413195918
0.0907463821
0.124685338
0.1168682685
0.1038024641
0.1054868865
0.0883276915
0.0977428385
0.1707849402
0.1046907349
0.1146191287
0.0903516649
0.0712292961
0.1056289642
0.0788022698
0.1013790776
0.1055141396
0.0909576518
0.0652903174
0.0955556636
0.1335928679
0.0758089181
0.113881471
0.1004768103
0.1173043074
0.2306838564
0.1186499968
0.1660997321
0.0984320355
0.0822799458
0.0576962582
0.1132419547
0.0970363957
0.0964646482
0.1693528531
0.1777076689
0.0776915767
0.101747057
0.1042693216
0.1134625191
0.0900976177
0.170740945
0.1336552529
0.1328103242
0.0945888786
0.0794682655
0.1248625527
0.1057651705
0.1669216694
0.0861064256
0.0848956152
0.0727175873
0.1218601455
0.0639384716
0.0884486849
0.135129191
0.0740469345
0.0808331346
0.1270610954
0.0874875015
0.1233214135
0.1209405125
0.0653039309
0.1009129102
0.1179724578
0.1400183793
0.1320508104
0.1060079227
0.2079778522
0.148778462
0.090809085
0.084852669
0.0906074751
0.0805174812
0.1280034218
0.1571207557
0.1400947736
0.1176440127
0.1154175907
0.0768934592
0.1638487328
0.0794897826
0.1227273988
0.1037867533
0.0806783382
0.0892750791
0.1145352162
0.0910081001
0.0996856025
0.14367593
0.1525313498
0.1203881072
0.13798027
0.2491079013
0.0764650174
0.1125846499
0.057499323
0.1154697825
0.1355885901
0.1241638226
0.1333653667
0.1723298346
0.0814228167
0.1065495406
0.0896446252
0.0994094366
0.1373188678
0.1090257715
0.1262776401
0.0764984158
0.05525438
0.0820287159
0.1091194141
0.1263565381
0.2099290159
0.1504745045
0.1368845462
0.0916029727
0.0739032642
0.16537396
0.0813340991
0.1062196865
0.0812111182
0.1170064731
0.1116614676
0.065608796
0.1185107994
0.120214384
0.1126750294
0.1672593043
0.1378970959
0.1822893325
0.1056175233
0.0942824955
0.0657163843
0.1084858203
0.0562525216
0.1214740971
0.1079252838
0.1404461109
0.0802037083
0.0752006177
0.1005831189
0.1074524877
0.1215033446
0.1085231914
0.1004734508
0.1235090667
0.0985033315
0.0827083273
0.1195941258
0.1148691066
0.0874463519
0.1576161352
0.0794057322
0.1192574354
0.1153257986
0.0594529353
0.1396633106
0.1245249086
0.1358843976
0.2297847934
0.1186759571
0.0627766956
0.1060025097
0.1051952057
0.0895870343
0.0560663193
0.1386078011
0.1479642906
0.1707088545
0.0798603046
0.124186373
0.0836246778
0.092005183
0.1101056338
0.1433790339
0.1926576847
0.1321872502
0.1621014946
0.1283069767
0.1136286498
0.0793701209
0.133747711
0.0904713294
0.0990069415
0.0690330243
0.1113605045
0.2279410946
0.1162689362
0.1982326497
0.135418637
0.1144422313
0.115319921
0.0957978922
0.1026677365
0.079972065
0.1394497928
0.0718413792
0.1243976203
0.0737585671
0.173662326
0.0814412328
0.1216094972
0.1051680341
0.1831968633
0.081400122
0.1303091087
0.0832522951
0.1178864896
0.1131231807
0.1313828137
0.1039212014
0.1124888551
0.157777593
0.1030522359
0.1081431963
0.084625938
0.1340462341
0.1351387291
0.1228535199
0.132231401
0.135034492
0.1209482192
0.0973643192
0.0929912036
0.0798599155
0.1369040627
0.0811789164
0.0940590087
0.1331342704
0.1177083087
0.1204755102
0.1418567576
0.0987291462
0.1060887394
0.1061111105
0.1173756011
0.084871646
0.0986810548
0.1164391666
0.0814317785
0.082096705
0.0716186386
0.0848392254
0.1470098137
0.1001155261
0.1749342915
0.0979111218
0.1436418223
0.1003003418
0.1070148518
0.0856791684
0.0721536373
0.0971979256
0.1110156523
0.179653162
0.0925282409
0.0961649385
0.1346302257
0.1701807653
0.1202601285
0.1182396408
0.1025767271
0.2430378108
0.0962489252
0.2303259112
0.1474644073
0.1090967754
0.1404006326
0.1695480981
0.0778741372
0.1491372079
0.0740684406
0.1280945015
0.2075858931
0.1354358022
0.1495622419
0.1490455529
0.0987944853
0.1261335476
0.0919573222
0.138211369
0.1735321773
0.1614567053
0.0845457879
0.0936040277
0.1248346062
0.0993499771
0.0734993219
0.1338199638
0.0865080405
0.1406764448
0.0981796481
0.1568544818
0.0828200193
0.2066441351
0.0872908275
0.1013440211
0.1339190672
0.059580091
0.1884154451
0.092286563
0.101018302
0.1100105482
0.1420971053
0.1272578612
0.1277447516
0.0965915494
0.1373470858
0.1611310987
0.0619750911
0.0927273773
0.1161482511
0.0706187678
0.115467623
0.1179743959
0.1672640019
0.18077233
0.0974569155
0.1654034774
0.0850875838
0.0602064058
0.1338897462
0.0827452063
0.0814092287
0.1257878563
0.0822510177
0.0649656486
0.1286618426
0.1356073138
0.1637306984
0.1265386853
0.1165268462
0.1603882371
0.0744987372
0.1127543802
0.0735814906
0.1115871346
0.1428899965
0.144398123
0.1262881485
0.1112915514
0.1490346827
0.0955550195
0.0796051086
0.1336779619
0.0788845743
0.125073005
0.1044724042
0.120997503
0.0887868453
0.0571241333
0.1021537431
0.1167629053
0.1221297457
0.1105152578
0.0816848708
0.1292487723
0.1275556757
0.0847151183
0.1051281416
0.0870510464
0.0856850397
0.1535577765
0.0839457585
0.1137205008
0.073952711
0.1033629407
0.0998537819
0.0940244477
0.0560774404
0.1269498685
0.0879172519
0.0806970144
0.0970580338
0.1236881547
0.2054357497
0.174311005
0.1149036185
0.1052106744
0.2094747905
0.1395040107
0.0877045192
0.0929082622
0.1307314875
0.0665291888
0.0635963982
0.1262139578
0.1375315423
0.1013576811
0.1239932272
0.0930711186
0.1387479058
0.1618410906
0.0866143836
0.101588869
0.1729346747
0.1028563171
0.0990530064
0.1033683856
0.1280538108
0.0903564012
0.1495759616
0.1152802485
0.1323341411
0.1857004905
0.1360575808
0.1119515331
0.0811581556
0.1143216743
0.1126945991
0.1217259208
0.077586766
0.0844773477
0.2104533039
0.1331224973
0.1391775763
0.0939456161
0.0531397223
0.0908230346
0.1080078074
0.1237113311
0.1160808727
0.067944666
2.2667e-06
0.088961181
0.0597653355
0.1320409941
0.106611263
0.1279009199
0.1398530983
0.0761197455
0.2051993461
0.1190222573
0.135113657
0.0828297443
0.0744159335
0.0634384159
0.1054504479
0.0865663537
0.1637299723
0.1656030979
0.1445915867
0.0803617677
0.1201301285
0.0880539571
0.1535604564
0.1653359041
0.1238520258
0.1540213023
0.1800131977
0.079222021
0.0803952205
0.0702972046
0.0930207388
0.0938928158
0.1025222721
0.1846696035
0.1067572541
0.1168285615
0.0938311009
0.0864930037
0.1211173132
0.1533435469
0.0886078688
0.0912484219
0.1786037422
0.1888499537
0.0789709499
0.0779120893
0.1060098238
0.1034511978
0.0899373364
0.0703746108
0.0637428738
0.0949137387
0.1032796239
0.1058800006
0.1344671541
0.2212012694
0.1543219954
0.0549126038
0.093272464
0.1154273442
0.1271292989
0.1509183445
0.063234718
0.1379047705
0.0832279396
0.1188263173
0.1440853783
0.1080421099
0.0961112253
0.1277697132
0.1009612584
0.1401772774
0.1190231403
0.1144053348
0.1059171848
0.0644316884
0.1345374037
0.1061866277
0.2221781038
0.0883157035
0.1142614384
0.0525495157
0.1141529439
0.0984163137
0.1160691322
0.0497836007
0.1976757519
0.0602131021
0.0855419822
0.1789093336
0.1155705834
0.0783692159
0.1525435404
0.1495687204
0.1274222008
0.0917187681
0.1031193581
0.0901794081
0.118576663
0.1551703093
0.0530089715
0.1331715899
0.0995962182
0.0716399131
0.1154549876
0.1011498912
0.190378117
0.1443080643
0.1827621068
0.0758432828
0.085645445
0.12189845
0.0879090933
0.1240714212
0.0709293939
0.1008289824
0.1264686113
0.1255102438
0.1435491559
0.0956286945
0.1103643163
0.1112399331
0.1368230109
0.1185425231
0.058165886
0.0885924908
0.1476973573
0.17791264
0.1144680704
0.1616110778
0.0858664437
0.096276654
0.1306453619
0.095233897
0.0949948815
0.0677236233
0.1060861413
0.066388431
0.1595519583
0.0525660164
0.1667664511
0.1407722356
0.0957884952
0.110980901
0.1268170104
0.1152388595
0.1210972827
0.1469971967
0.1613666847
0.128228202
0.1057427701
0.0967888502
0.1325271081