0.0055399905
0.0140173028
0.0062605642
0.0554851438
0.0062947542
0.0318066731
0.0076158457
0.0324315428
0.0043583939
0.0097891913
0.0140915913
0.0057098496
0.0533761138
0.0062992947
0.0036539125
0.0018182846
0.0758036591
0.0116538184
0.0056965906
0.0120888218
0.0175421566
0.0234256818
0.0213518009
0.041789629
0.0021519958
0.0416548521
0.023643876
0.003633146
0.0139924858
0.0033036366
0.0019751048
0.0050537245
0.0126781243
0.0007613805
0.018851367
0.0545088998
0.0041778218
0.0038344372
0.0091926866
0.0161212525
0.0018277729
0.0104645232
0.0030820458
0.0444903358
0.0091782014
0.0091262509
0.0190379753
0.011405075
0.032190072
0.0065538451
0.0119947195
0.0043071608
0.0003137168
0.0027295503
0.0360767406
2.4092e-06
0.0346100847
0.0286184454
0.0562575208
0.0189511184
0.0134629598
0.0453913416
0.0292120944
0.010776659
0.0579514045
0.0094358749
0.0298378457
0.3017630479
0.010996396
2.0781e-06
0.0174480351
0.0124593587
2.2477e-06
0.0072066053
0.0545740486
0.0258372799
0.0116957063
0.0105830813
0.0292802793
0.0073180476
0.018513728
0.0057299655
0.0061889108
0.0134987741
0.0131291011
0.0199629656
0.0109322657
0.0097854026
0.0215992208
0.0289456065
0.0045525927
0.0462308047
0.0033981332
0.0052929247
0.0139792776
0.0078941159
0.0079903492
0.0315730504
0.0545807929
0.0119916359
2.011e-06
2.8453e-06
0.0387937888
0.0139782052
0.0080394201
0.0042371918
0.0348567763
0.0035953047
0.078267277
0.0364348517
0.0499438736
0.0320178218
0.0049727101
0.0167697873
0.0032822409
0.00562526
0.0747496582
0.0105609818
0.0130041079
0.0024522612
0.0066114982
0.0161864118
0.0074917231
2.374e-06
0.0552824771
0.0024810328
0.0123158111
0.0044469962
0.0088219199
0.0066407698
0.0291895705
0.0031624517
0.0042503977
0.0207820279
0.0117323365
0.0078849729
0.0297777908
0.0090150057
0.0045835377
0.0079745976
0.0361043609
0.0289759061
0.0246564506
0.0039957683
0.0146429568
0.0140924889
0.0515987584
0.001614293
0.0085005689
0.0088507854
0.0295836303
0.011571442
0.0129442907
0.0070443037
2.352e-06
0.0053151242
0.0169519083
2.1635e-06
0.0152446569
0.0425931693
0.0058005517
0.0120563388
0.0046340499
0.0096543306
0.0289559481
0.0081583058
0.0086531013
0.026749162
0.004584297
0.0008315214
0.0020010164
0.0092944883
0.0120826946
0.0066653117
0.0067710457
0.0253202039
0.0133337574
0.0141853816
0.0235256377
0.0250683661
0.2134363202
0.0072719109
0.0066311838
0.0108638751
0.0139832861
0.032861405
0.0209559596
0.0707540947
0.0224817403
0.0071097149
0.0342477729
0.0232086984
0.0053291206
0.0044106105
0.0344380239
0.0504354245
0.0107525908
0.0168845582
0.034423771
0.0127887762
0.0093580342
0.0020028858
0.0214078068
0.0071575251
0.0051392734
0.0266255942
0.0070685821
0.0009653401
0.0060283799
0.0089031829
0.0078860912
0.0096653835
0.0261581552
0.0153825819
0.0039234582
0.0087598886
0.0083743689
0.0029360303
0.0329148781
0.009956762
0.0093264919
0.0029599007
0.0056524096
0.042225333
0.0381917621
0.0108362512
0.0058267692
0.0142090847
0.0041927461
0.0252420519
0.0052567539
2.5177e-06
0.0072310063
0.0068681237
0.0267217649
0.0195667519
0.0834292273
0.0061593851
0.0011773437
0.010600401
0.0192833373
0.0240509904
0.0428151287
0.036633677
0.0198235545
0.0293444077
0.0266045703
0.0092470653
0.0195894851
0.0019237133
0.0160099407
0.0169238409
0.0084809995
0.0076437752
0.0274757863
0.008012936
0.006388877
0.0068205968
0.0126330573
0.0126815447
0.0144928856
0.0060849929
0.00075558
0.0140257865
0.0148487089
0.0160046066
0.0120986514
0.0460983104
0.0047173448
0.0114892576
0.0391866439
0.0157982466
0.0131494328
0.00048056
0.0028680956
0.0206269522
0.0044089657
0.0207110155
0.0612740857
0.0475747451
0.0080828583
0.0041483894
0.0215204223
0.0070432627
0.0061996371
0.0245667616
0.0053051666
0.0301057894
0.0023521872
0.0209611232
0.0219445974
0.0495716553
0.0031015964
0.0063913155
0.0062249674
0.0129135461
0.0079846465
0.0061360362
0.024963076
0.0128577019
0.0008806934
0.0200738723
0.0151358439
0.0146034935
0.0140665551
0.0338946096
0.0016048785
0.0135277809
0.0040331113
0.056686327
0.0021894848
0.0154067464
0.0020360015
0.007491537
0.0173848131
0.0569641049
0.0012882733
0.0058525872
0.0013036275
0.0003519268
0.0343832262
0.0152066984
0.0092852958
0.0120491672
0.00750407
0.004500767
0.0133769132
0.003822223
0.0050494874
0.0465869908
0.0441964694
0.0143401224
0.0279931891
0.030198536
0.0033988925
0.0110190229
0.0052691821
0.011027599
0.0057595446
0.0115359744
0.0162418334
0.0322085903
0.021938217
0.0097606061
0.0168566959
0.0124746959
0.0918103956
0.0119071945
0.0220027557
0.0121784705
0.0056015029
0.0021637173
0.0019652384
0.0038956462
0.0211968816
0.0093701787
0.0069557961
0.0215732618
0.0080192479
0.0129002717
0.0083371797
0.0199509634
0.0053778978
0.0194605713
0.048411796
0.0032495621
0.014189827
0.002377669
0.0039558421
0.0051285458
0.0076139172
0.0077318067
0.0696032055
0.0109237842
0.0102000464
0.005773895
0.0058377967
0.0056391873
0.0160504836
2.6585e-06
0.006844117
0.0583198881
0.034732322
0.0036499032
0.0157245168
0.0132962293
0.014776583
0.0053074787
0.0515605513
0.0758217007
0.0096055753
0.0116384486
2.2948e-06
0.0054938931
0.0090445853
0.0098985077
0.0064773708
0.0345973318
0.0033798419
0.0041760398
0.0245721621
0.0211941748
0.0660111265
0.0096732624
0.2604128726
0.0187643166
2.2398e-06
0.0032843016
0.0037985959
0.3753976532
0.0628820705
0.0111361759
0.003732823
0.0051075226
0.0116422481
0.0057061529
0.0089156906
0.0147308766
0.0083928374
0.0213387309
0.0273290105
0.0155425966
0.0200137853
0.0090048595
0.0022252163
0.0278740439
0.0066670756
0.0047597226
0.0140732304
0.0222178955
0.0050416067
0.0062062419
0.0089355341
0.039257769
0.0057195342
0.00313782
0.0121194633
0.0343506755
0.0058878635
0.004283075
0.0057565404
0.0071205043
0.0026393166
0.0133804782
0.0213683015
0.0608207987
0.00997865
0.0250811328
0.0130404072
0.0041084903
0.0138911795
0.0064012857
0.0484376366
0.0361083219
0.0178718811
0.0041338983
0.0281300706
0.0222049853
0.0220668243
0.0038587955
0.0040862546
0.0057698525
0.0038176628
0.0222524432
0.0373704647
0.0039358488
0.0299328938
0.0048991865
0.018299367
0.0154040509
0.0156794772
0.0461159787
0.0159240352
0.0441989799
0.0013933094
0.0120969619
0.003834617
0.0022632803
0.0400327778
0.0122510686
0.0113546624
0.0390391808
0.0089941267
0.0032066916
0.0147778983
9.64971e-05
0.0120602242
0.0040977141
0.0205287927
0.0075067411
0.0031713725
0.0059704552
0.0137097363
0.0036959825
0.0253666693
0.0199328076
0.0044063765
0.0122067819
0.0400409717
0.0250103069
0.0119039334
0.0084470264
0.0420470167
0.0172385965
0.0047188374
0.0132418354
0.0072359396
0.0041895144
0.0031891948
0.045893794
0.0265050249
0.008478302
0.0276287082
0.0257265719
0.0081819691
0.033606308
0.0321938809
0.0405611947
0.0179189817
0.0083319516
0.0015107145
0.0069902609
0.0001229087
0.0064506493
0.0102630095
0.0077235183
0.0130953913
0.0038749854
0.0117336754
0.0278105605
0.0061745234
0.001427922
0.0227325664
0.0268660671
0.0098937943
0.0249403258
0.0464238216
2.7471e-06
0.0064128197
0.0073362725
0.0281441195
0.0174979119
0.0353929843
0.0266656566
0.0065803699
0.0504306027
0.0256675731
0.0915917333
0.0148236221
0.0070811939
0.0118841804
0.0121347483
0.0219224066
0.0345497117
2.2605e-06
0.0087651245
0.0299889166
0.0079193295
0.0350861121
0.0020930661
0.0036395371
0.0524590799
0.0206058604
0.009104916
0.0151013134
0.0076913281
0.0166046343
0.0683888138
0.005795183
0.0070288908
0.0218090612
0.0012439001
0.0050110062
0.0145162683
0.0032007688
0.0190316323
0.0116774283
0.0369298016
0.0039952904
0.0503353522
0.0214829814
0.0731244272
0.012486235
0.073595433
0.0104758233
0.0165531524
0.0330965582
0.0030387962
0.2111727072
0.0254307209
0.0023863684
2.1731e-06
0.0038636297
0.0055789017
0.0081196979
0.0046491406
0.0105142434
0.0598514095
0.0076733741
0.0336296017
0.0037677469
0.0677226608
0.0032978961
0.0042482199
2.0708e-06
2.7144e-06
0.0146152402
0.0006958817
0.0164971783
0.0058291995
0.0179255996
0.0198656518
0.005737524
0.0142249167
0.0022108058
0.0094126434
0.0183062302
0.015618147
0.0011210389
0.0471223842
0.0185104413
0.0109998724
0.0073347934
0.0022702529
0.00902542
0.0432642553
0.0039543007
0.0138194209
0.0166756094
0.0305843892
0.0033173003
0.0393818602
0.0255921237
0.0208279025
0.0550081641
0.0168984245
0.0076975895
0.0237945295
0.007535611
0.0214639854
0.0027961758
0.0101318064
0.0149142509
0.0133632887
0.0113044664
0.0072106087
0.0247738136
0.0136568879
0.0063466267
0.0094661083
0.0005937239
0.0048029043
0.0142578542
0.0158604041
0.0028746237
0.0408230674
0.0182213202
0.0287398844
0.0082883248
0.0186080731
0.0081956333
0.0021255912
0.0043495751
0.0031122678
0.0111025304
0.0075988189
0.0017805024
0.0091423449
0.0197794857
0.0170668407
0.0113143525
0.0280967012
0.0185804089
0.0111921045
0.0058112311
0.0148513741
0.0030446758
0.0056054218
0.0228080878
0.0097905925
0.0296681111
0.0008648937
0.0087717562
0.0078668158
0.0007809496
0.013613535
0.0079615773
0.0218471115
0.0208510969
0.0118768407
0.023744809
0.0043648937
0.0093175943
0.0096805757
0.0028379737
0.0078219831
0.0074686792
0.0106306641
2.1242e-06
0.0073312276
0.0099255022
0.0023691526
0.015133239
0.024365942
2.2742e-06
0.0099518679
0.0055270372
0.0041088308
0.0009752553
0.006087546
0.0209603988
0.0196738487
0.0248578847
0.0328172625
0.0109136893
0.0068465336
0.0111073327
0.0048939183
0.0139516505
0.0303001932
0.0305102971
0.0193205112
0.0267837294
0.0038813784
0.0040457826
0.0015964849
0.0021440972
0.0022576176
0.0245608277
0.0243302544
0.0157713564
0.0094595127
0.0012068764
0.0356417096
0.0016754655
0.0052684786
0.0099586083
0.0032434419
0.0023107962
0.011313102
0.0259421933
0.0081771345
0.0523609691
0.0029884102
0.0073879667
0.0064874558
0.005217926
0.0134674809
0.0069493695
0.0040545952
0.0112268852
0.0120832649
0.0435044075
0.0061276001
0.0031507388
0.0133426105
0.0095790531
0.01126981
0.0025311625
0.0407051864
0.0255819956
0.0043132865
0.0043414948
0.0399997566
0.00210599
0.0148123331
0.0026532784
0.0063926468
0.0259045943
0.0135017601
0.0121225557
0.0057273511
0.0101975228
0.0061302558
0.0108390612
0.0104954642
0.0190957512
0.0117181439
0.0068948827
0.0113099867
0.0555395151
0.0359753065
0.0039535871
0.033760667
0.0167686233
0.0113081598
0.010607171
0.0039226005
0.0460485137
0.0057374561
0.049297699
0.0109161579
0.0069210649
0.011528915
0.0038675253
0.0823606557
0.0049804984
0.0011854013
0.0037343338
0.021192735
0.0027582002
0.0081062184
8.76941e-05
0.0023914159
0.0183220879
0.018079078
0.0448429052
0.0083068621
0.0038075484
0.0013994952
0.0536108414
0.0045569085
0.0087654018
2.0076e-06
0.0088883038
0.0022324728
0.0021314717
0.0029602742
0.0048345667
0.003549326
0.0059944188
0.0305112079
0.0124140007
0.0057747042
0.0093539738
0.0296048174
0.0021974951
0.0082097146
0.0048944728
0.0056446265
0.0101039692
0.0063313137
2.6241e-06
0.0365279124
0.0788476895
0.0141054458
0.0233051231
0.0073605314
0.0337546519
0.0026324805
0.0061078434
0.0248895335
0.0087718406
0.0126503344
0.009761031
0.0017994884
0.062506434
0.0145274122
0.0067229487
0.0444789458
0.0073117272
0.0079887529
0.0042779853
0.0069385672
0.0042063973
0.0026823856
0.0178734691
0.0244275858
0.0196993763
0.0076049756
0.0021574
0.0120084761
0.0088911628
0.0060501061
0.0170642664
0.0363689157
0.0216959337
0.0156479463
0.0240868603
0.0091195387
0.0211793231
0.0773895449
0.6465344091
0.0198234228
2.0132e-06
0.0062003884
0.0127721789
0.019855223
0.004636289
0.0157443767
0.0313644121
0.0197728445
0.0014672091
0.0067691471
0.0018895311
0.0236143139
0.0077195509
0.0268370565
0.0105334178
0.0171811368
0.0128016952
0.018947422
0.1029223333
0.003961577
0.0077409059
0.0074858197
0.0224528607
0.2567812141
0.0047127062
0.0032586495
0.0172870227
0.0140267625
0.0002402406
0.4390473368
0.0165712906
0.0263110955
0.0481170013
0.0059548567
0.0024247012
0.006376035
0.0060973327
0.0001750412
0.0061355662
0.0103022215
0.0062828414
0.0076993701
0.0154238019
0.0123255742
0.0009702898
0.0067284779
0.0159917214
2.4584e-06
0.006246858
0.0078934808
0.0149941322
0.0103251654
0.0114000214
0.0177433463
0.0081172166
0.0065371979
0.0276099957
0.0296442346
0.0381751616
0.0214144023
0.0050391848
0.040052921
0.0068303302
0.012331104
0.0041308615
0.0084679519
0.0079637091
0.018097343
0.0410487815
0.0018729271
0.0265190234
0.011356377
0.0620861371
0.0193938629
0.0559750488
0.0016325825
0.0166424216
0.0052878616
0.0531450062
0.0014849995
0.0046784866
0.0265562237
0.013796763
0.0152119198
0.0055127463
0.0061702327
0.0438102545
0.0158405105
0.020250345
2.0172e-06
0.0081847598
0.0048228735
0.005869587
0.0160901772
0.003857907
0.0056643671
0.0553479909
0.0305066459
0.0175693531
0.001507772
0.0033418817
0.0012168358
0.0025230316
0.0070314907
0.0124466652
0.0012812275
0.0176725853
0.0119484608
2.1229e-06
0.0101969401
0.0283548663
0.0298934929
0.0188675353
0.0196263288
0.0069221389
0.020573205
0.0068458996
0.0131585266
0.0142741939
0.0114744968
2.4556e-06
0.0042832367
0.0014206198
0.0210901192
0.0112010601
0.0261696399
0.0392643651
0.0112322557
2.5467e-06
0.0261252082
0.0053790317
0.0050965529
0.011696172
0.01135409
0.0892367032
0.0147998704
0.015614527
0.0157121538
0.0080068529
0.0072037288
0.0068065442
0.0130427714
0.0106867372
0.0147724508
0.0070341794
0.0114486647
0.0129176113
0.0527754709
0.0126472109
0.0145147561
0.0111011142
0.0171708572
0.004838916
0.0057011345
0.0039109243
0.0077184726
0.0053536368
0.0030947005
0.0120996096
0.0470933861
0.0189057889
0.0159235959
0.0189737284
0.0663272211
0.0019777295
0.0237074823
0.0069994517
0.0139830466
0.0181928923
0.0620485596
0.17677848
0.0190486785
0.0152094947
0.0217314094
0.0312875098
0.0075056891
0.0458263403
0.0019790425
0.0022695573
0.0027574039
0.0057022768
0.0445787577
0.0246923603
0.0075889336
0.0349724299
0.0124412118
0.0295438384
0.0148992499
0.0052809779
0.0079311201
0.0064488345
0.0385917335
0.0039724921
0.0231407063
0.0103839498
0.0065745294
0.0129421797
0.0096968611
0.0025873294
0.0100870644
0.01687386
0.0526764492
0.0020320534
0.0052809702
0.0321900357
0.0094397351
0.0177213397
2.7913e-06
0.0035577573
0.011777581
0.0154937868
0.0206478678
0.0967294468
0.0007889651
0.0395542001
0.0030980291
0.0081430232
0.0020438759
0.0090077653
0.0331558567
0.0169751091
2.3433e-06
0.0113693529
0.0131780917
0.037171841
0.0027948099
0.0035918246
0.0040240708
0.0277698125
0.0027953285
0.0058254896
0.0318254356
0.0039592653
0.0434723541
0.0270525203
0.00178305
0.0255522908
0.0043835222
2.9639e-06
0.012253753
0.003242932
0.0194606585
0.0039783848
0.0022989454
0.0067740581
0.0213553841
0.0021708003
0.0093493239
0.0414122249
0.0245789848
0.0219314382
0.0099246949
0.0150825984
0.001587687
0.0164056877
0.0013111435
0.0085715014
0.0400245347
0.0094912152
0.018066731
0.0028226113
0.0082884121
0.0150879628
0.0080690205
0.0118328745
0.0065711011
0.0153650304
0.0044320132
0.0260888417
0.053729044
0.0083709032
0.0132209536
0.4781241899
0.0036497222
0.0057361714
0.0406731483
0.017356439
0.0056315289
0.0303710004
0.0065732063
0.024899441
0.004428701
0.0023834782
0.036380686
0.0218415227
0.0333457167
2.7517e-06
0.0139198402
0.013080325
0.0070677616
0.0551022743
0.0181827234
0.0131559878
0.0131404225
0.070027734
0.0227631913
0.0087203586
0.0073909941
0.0100840221
0.0056135308
0.0265536839
0.020632378
0.0037013253
0.006455877
0.0059723033
0.0016662172
0.0068420616
0.0120924161
0.0126747185
0.0018325772
0.0901055195
0.0112953138
0.0037152432
0.0011776546
0.0040589323
0.0064935054
0.0053173867
0.006659764
0.3548238101
0.0051818215
0.0090332414
0.0189991582
0.0377143351
0.0708906204
0.0029666297
0.0448015807
0.0129227017
0.0181043523
0.0183141707
0.008021808
0.0022853105
2.8929e-06
0.0065362375
0.0166243696
0.0150315102
0.0264674392
0.0090946503
0.0119066879
0.0113697263
0.0014737511
0.0112590427
0.0145137045
0.0016912583
0.0060199144
0.004315551
0.0069410927
0.0082820483
0.0042639623
0.0105812751
0.0057142448
0.0041627455
0.0060748184
0.0159877424
0.0129639261
0.0249136021
0.0075761213
0.0028844449
0.0083668067
0.0062429865
0.0096772199
0.0051651623
0.0179081249
0.0226871224
0.0087279834
0.0136401897
0.0413991364
0.0046562041
0.0198887067
0.0094132278
0.011762421
0.0305653428
0.0135023726
0.0183286804
0.0050774733
0.013770321
0.0015429386
0.0931065619
0.0104124768
0.0039631163
0.0095562204
0.0144969548
0.0154049931
0.0104390904
0.0046169783
0.0092726631
0.0122320436
0.0076872924
0.0009643439
0.0070040699
0.003119254
0.0032466799
0.0126404913
0.0039874057
0.0150066242
0.0024026489
0.0074306728
0.0096742653
0.0102041562
0.0126518743
0.0251447837
0.0001972816
0.0117589766
0.0055278327
0.0009673556
0.0033724593
0.005291492
0.0486629851
0.0314551623
0.0411730296
0.0022744412
0.0035567525
0.0122645157
0.00391684
0.0149461392
0.0066355507
0.0042687338
0.0049321443
0.0189671993
0.0066588457
0.0110564449
0.0175130017
0.0079836655
0.0108770271
0.0234380613
0.0030828374
0.0052089612
0.0118378622
0.0124571764
0.0145098035
0.0167386654
0.0333021262
0.0198265037
0.0209547745
0.0063037635
0.0085177768
0.0019281277
0.024476046
0.0080351194
0.0069008886
0.014758107
0.0130511022
2.6547e-06
0.0080669676
0.0665545524
0.0070646373
0.0207265231
0.0234682639
0.0142679548
0.0172213686
0.0392289774
0.0173711612
0.0040674767
0.6561743641
0.0072959043
0.002430456
0.0034358245
0.0050297242
0.0053220103
0.0093702963
0.0132703143
0.013658283
0.0036177008
0.0077222223
0.0273246752
0.0065076716
0.0105613548
0.0156146841
0.0057254734
0.0132139078
0.0043649476
0.0019962691
0.0124427046
0.0191304259
0.0212203455
0.0029346545
0.0150628402
2.0636e-06
0.0686894266
0.0051686568
0.0022467297
0.0151139092
0.0182056294
0.0381768107
0.1066283092
0.0086932018
0.0215928736
0.0047812466
2.1531e-06
0.015220443
0.0254671234
0.0499418688
0.0353288247
0.0184719322
0.0136558877
0.010410516
0.0087256781
2.6894e-06
0.0062663877
0.0098929991
0.0286306452
0.003312242
0.0181996015
0.0147443016
0.0094216172
0.0134201239
0.0492986637
0.045485594
0.0115641305
0.0156852073
0.0065060799
0.0070698228
0.0340099725
0.0329301839
0.0370167554
0.0036074689
0.0164817542
0.0084904253
0.0185811074
0.0035689475
0.0244211451
0.0385142267
0.0424546977
0.0857220078
0.0085432043
0.0054655432
0.005557027
0.0016011795
0.0105105455
0.0089231383
0.010223291
0.0191154055
0.0024401215
0.0317383092
0.0156485251
0.002648893
0.0098676394
0.006062985
2.1444e-06
0.0038490847
0.03040592
0.0037331563
0.0022878384
0.0018689314
0.0096364487
0.0054050473
0.0088503094
0.0095856931
0.0071815945
0.0254563383
0.0115679282
0.0151930203
0.0124024258
0.0153489174
0.0063110341
0.0162742652
0.0303081618
0.0069185605
0.0102990614
0.0184570758
0.0044364506
0.0254827408
0.0124272852
0.0301422126
0.0041022857
0.0230084532
0.0048474191
0.0094597473
0.0070137185
0.0033571462
0.0071229834
2.0721e-06
0.0089402771
0.0280970909
0.0084649414
0.0298089884
0.0129707167
2.3152e-06
0.0099533315
0.033398406
0.0042116601
0.0055649556
0.0148630232
0.0045058829
0.0109825698
0.006532609
0.0097641589
0.0031145412
0.0026364108
0.0072813473
0.0107774253
0.01152246
0.0043209933
0.0352065956
0.0343584207
0.0035453616
0.0622015806
0.0078623824
0.0028321988
0.0103762923
0.008147243
0.0075391616
0.0503100953
0.0012765819
0.0464632967
0.0243469465
0.0107375737
0.0247918919
0.0108101836
0.0182267859
0.0018417261
0.0076665816
0.0479454222
0.012129458
0.00879889
0.0138805104
0.0103406332
0.0215175348
0.0019407239
0.0048559581
0.0036398708
0.0023072428
0.0237635751
0.0108032024
0.0098820791
0.0106508641
0.0054739067
0.0061915451
0.0032735098
0.011474905
0.0009355266
0.0074315208
0.0057769428
0.029520366
0.0060089218
0.0367260907
0.0096561388
0.038464211
0.007442026
0.0878103314
0.0152872573
0.0097594342
0.0569459678
0.0134475905
0.0107662344
0.0197434283
0.006188202
0.0302134031
0.0020761263
0.0300183983
0.0406402025
0.0192858869
0.0084257766
0.0344202089
0.0072330994
2.1079e-06
0.0074049153
0.0256548734
0.0350043296
0.0040537146
0.0203756081
0.0030598998
0.0076530683
0.0027442257
0.0049561565
2.1193e-06
0.0052435976
0.006596007
0.0145954129
0.0015170512
0.0043095533
0.0102810027
0.0094895425
0.0563518117
0.0005704351
0.0253318004
0.0038995882
0.0044282343
0.0080419974
0.0004932203
0.0097978371
0.0171051245
0.0054939126
0.0152299502
0.0048648552
0.0029910654
0.0067058699
0.0053574702
0.0315396965
0.0082955637
0.0038233219
0.0094144045
0.0025482233
0.0066393576
0.0086265644
0.0121049332
0.0293355633
0.0266573351
0.0031340332
0.0189641499
0.0305391252
0.004219035
0.0060223601
0.0389308162
0.0020418333
0.0075939517
0.0019749387
0.0585634618
0.00975346
0.0111852839
0.0096024024
0.0019558981
0.0015544836
0.0048739975
0.0200409828
0.0117932977
0.019141501
0.0077934809
0.0097085299
0.0139414257
0.0027487361
0.4362816043
0.0031437445
0.008927892
0.0561362781
0.0145332512
0.0144697015
2.2248e-06
0.0098896401
0.0151064526
0.0114115706
0.0032362005
0.0205164986
0.0178440601
0.0041242521
0.0023979475
0.0151941251
0.0146926257
0.0119451404
0.0086756787
0.0024052785
0.0075589216
0.0096534604
0.007133895
0.0064054705
0.0034671299
0.0112108364
0.0412752846
0.006335789
0.0096525874
0.0128686973
0.0788042093
0.0061574217
0.0205997696
0.0105396696
0.0207874593
0.0033938235
0.0022694784
0.0100644025
0.0202401011
0.0019052534
0.0102615271
0.0259600813
0.0172233347
0.0206506787
0.0557641632
0.0080358914
0.0046592927
0.0118391625
2.2767e-06
0.0568393741
0.0027374702
0.0205471355
0.0125876064
0.0163711133
0.006487468
0.0248640747
0.0577410951
0.0203034701
0.0057898861
0.0028680223
0.007953184
0.0305777829
0.0071964354
0.0325544039
0.0233150627
0.0104952741
0.012907894
0.0178821046
0.003979245
0.0036203972
0.0175064921
0.0117397182
0.0041674367
0.0024426185
0.038674171
0.009080575
0.0012488376
0.0146430764
0.0143956162
0.0080972964
0.0535393504
0.0119639241
0.0132501318
0.0053947868
0.0532109151
0.0230425492
0.0008293897
0.0020734417
0.0408117181
0.0095111128
0.0046858423
0.1029838699
0.0125542909
0.2873041701
0.0066751269
0.0578276469
0.0116755073
0.0086347079
0.0206099623
0.0219517106
0.024078205
0.013223913
0.1312794596
0.0136385792
0.0128963659
0.0019157518
0.0147557281
0.0097450828
0.0008889668
0.0161723724
0.0171110046
0.0059653222
0.0032409125
0.0150648827
0.0108878379
0.0254010098
0.0008938983
0.0088727905
2.2931e-06
0.0165407247
0.0079228727
0.0108028205
0.0078933379
0.0430240954
0.00808582
2.9673e-06
0.0091143535
0.0080211116
0.0112254067
0.0067021932
0.0334144212
0.0135300259
0.0075785253
0.005971389
0.0097605212
0.0040162858
0.0013596289
0.0184424749
0.0103843351
0.007001336
0.0349073309
0.0151292338
2.197e-06
0.0146858798
0.021312487
0.0141948373
0.0042698007
0.0595663799
0.009011657
0.0035439849
0.0175534964
0.039699566
0.0067511755
0.0071062205
0.0082877079
0.0194149186
0.0097970579
0.0059603513
0.0117166559
0.0156185016
0.0082274559
0.0164010949
0.0022420167
0.0109499108
0.0040983435
2.1702e-06
0.0091490465
0.0069279299
0.0124565573
0.1524141884
0.0179448679
0.0108279626
0.0030416285
0.0067065216
0.0094145078
0.0058740115
0.0100759624
0.0036103041
0.00182921
0.0076238951
0.0169198256
0.0216902496
0.0114864276
0.0138376482
0.0273218501
0.0127591352
0.0035231174
0.0045399011
0.0079001904
0.0355003396
0.0042117947
0.0141747122
0.0300803763
0.0076410389
0.0032482243
2.052e-06
0.0077118093
0.0049971035
0.0105956299
0.0160838517
0.0188548667
0.0079790752
0.0030767112
0.0042709834
0.0139100462
0.0250593044
0.0068349705
0.0040602588
0.0532016712
0.0132678958
0.0050194444
0.0034707725
0.0234657556
0.0561098763
0.0202579845
0.0065626247
0.0195378983
0.023430212
0.0055761097
0.0402359901
0.0074361569
0.0376017889
0.0151865124
0.0136661034
0.0279487344
0.0053774676
0.0131344964
0.0228792155
0.0052328943
0.0211144282
0.0314766574
0.0350489412
0.0057807085
0.0024840962
0.0102467124
0.0081162078
0.0261902136
0.0257011879
0.015016431
0.005670943
0.0273651602
0.0118803257
0.0066651976
2.0073e-06
0.010112831
0.0063960591
2.0124e-06
0.0037009955
0.0162496252
0.0378843734
0.0120577143
0.015636422
0.0128715201
2.0351e-06
0.003519498
0.0105300676
0.006235714
0.0025719576
0.0181867763
0.002847706
0.0030264456
0.0117958208
0.0101237577
0.0059917127
2.0914e-06
0.0212734461
0.0058084515
0.012385112
0.0097705866
0.0348130115
0.0121081403
0.0267352094
0.0257663592
0.0200873234
0.0149730519
0.0103383995
0.0057844926
0.0048903238
0.0140115642
0.0084018754
0.0096933343
0.0028039818
0.006610324
0.0017302213
0.0051408955
0.0517171476
0.0180379806
0.0119099644
0.0052868733
0.0010034969
0.0015322157
0.0248989411
0.0924651281
0.0731364036
0.0034330677
2.059e-06
0.0070130141
0.0131504394
0.0304590272
0.0065307711
0.0478157859
0.0084139121
0.0042985648
2.2357e-06
0.0601175238
0.0410164999
0.0102315802
0.0173955597
0.0229686454
0.0128579896
0.0133891942
0.0301906754
0.0288443877
0.0178089951
0.0058084686
0.0198539865
0.0363157233
0.0076936289
0.0269381559
0.0187325447
2.2814e-06
0.0039341166
0.0075360784
0.0358801856
0.0306019664
0.0578579119
0.0452946042
0.0050354351
0.029934331
0.0078246023
0.0020655956
0.0147560336
0.0033381942
0.0044755447
0.0105568253
0.0002413277
0.0205476825
0.0022265602
0.0036241214
0.0151234726
0.0090590045
0.015151084
0.0027760905
0.0227851183
0.0059667968
0.0031121356
0.0047324258
0.0253747689
0.3422330188
0.0091096999
0.0072286335
0.0235801984
0.0312290911
0.0058839355
0.0112756453
0.0013851816
0.0118643544
0.0196547839
0.0212141888
0.0164263804
0.0080817077
0.0091547344
0.0139731805
0.0061262517
0.0066237952
0.012395206
0.0397634883
0.001617047
0.0115523319
0.0004242808
0.0169879681
0.0301215546
0.001404439
0.0072622337
0.0032824379
0.0145237356
0.0021884458
0.0169997129
0.0254792084
0.0064616292
0.0141994144
0.0034853525
0.0001677652
2.1794e-06
0.0009394212
0.0093533309
0.0174112864
0.0142790074
0.0084428986
0.0034580499
0.0249213476
0.0082880796
2.9433e-06
0.0257044496
0.0060972856
0.0247814251
2.2286e-06
0.0027584874
0.0061130215
0.0036276487
0.045119694
0.0082123551
0.0051880365
0.0038788778
0.0057903628
0.0041165847
0.0035362082
0.0075037921
0.0148346794
0.0078809206
0.0034756203
0.0083660489
0.0039794703
0.0076482761
0.0060607895
0.0327407724
0.0068353233
0.0099049126
0.0067075093
0.0157023302
0.0335084474
0.0096690286
0.0031318413
0.0081250884
0.0540268249
0.0027904881
0.0027915687
0.0028683336
0.0085774674
0.0122800219
0.0023875495
0.0063174322
0.0048648765
0.0038111271
0.0247172779
0.0312616393
0.0082592029
0.008829703
0.026367371
0.0307806646
0.0299584581
0.0188085817
0.0016508079
0.0011725039
0.0092957946
0.0875408288
0.0534470159
0.0055223038
0.0160264141
0.0071034539
0.0250890041
0.0023128479
0.0696703699
0.0864870269
0.0202761004
0.0120329055
0.0195692966
0.0084642222
0.0305946237
0.018608267
0.0390233883
0.0175954429
0.0216184045
0.0063168216
0.0115419807
0.0253211963
0.0021075865
0.0043489371
0.0048403752
0.0411531321
0.0034235901
0.0087799463
0.0028913363
2.4302e-06
0.0477175359
0.0095480479
0.0023113916
0.00429715
0.0061442779
0.0122344303
0.0002758051
0.0348178681
2.8862e-06
0.0029410436
0.0054510803
0.0142483177
0.0122309916
0.0063760942
0.0020887247
0.0068465309
0.0119581289
2.6793e-06
0.0345582176
0.0116362063
0.005710294
0.0422760371
0.0230265142
0.0048314198
0.0027041856
0.0120509186
0.0034583426
0.0108557249
0.0173584247
0.0241188021
0.0176781606
0.0035875955
0.0022541444
0.0057398583
0.0027962765
0.009442437
0.0084656317
0.0167667424
0.0289505166
0.0041971231
0.0042686127
0.0074571355
0.0197644486
0.0032247412
0.0034232274
0.0058125013
0.0276784122
0.0061974545
0.0094225977
0.2321933317
0.0113850843
0.0024961161
0.0084872488
0.0030946403
0.0020108636
0.0114279715
0.0213495491
0.0033474422
0.0079221677
0.0192217417
0.0291042092
0.0218300746
0.1212057461
0.0023734815
0.0040534778
0.0079118474
0.019666726
0.0089031044
0.0131316551
0.0104157721
0.0390041885
0.0015885172
0.0065106137
0.0135813461
2.8112e-06
0.0014263086
0.0164102248
0.0240162296
0.0157003485
0.0275398087
0.0276751069
0.0008755858
0.0024752457
0.0081498591
0.0099978026
0.038460906
0.0066134206
0.0107281856
0.0053162742
0.0291209473
0.019044493
0.0063532196
0.0029539804
0.0033929884
0.0070624614
0.0141140764
0.012746227
0.0022122659
0.0018560579
0.0124987132
0.002862995
2.049e-06
0.0121752598
0.0049202461
0.0163781299
0.029982685
0.0113137448
0.0017791471
0.0113546159
2.2143e-06
0.0118675501
0.0120908162
0.0058967172
0.0111163163
0.0743873597
2.0991e-06
0.0038894851
0.0139555797
0.0272527491
0.0243097547
0.0039833307
0.0060704446
0.0105303517
2.1913e-06
0.005098693
0.0091184064
0.0079014241
0.0201364176
0.0069240421
0.0030700652
0.0053990235
0.0147221398
0.0108743499
0.0070802245
0.0016194896
0.0036099023
0.0030271166
0.0074106705
0.021012359
0.010549437
0.0051590871
0.0021299574
0.0346335994
0.0045256155
0.0444709136
0.0108225718
0.0105371838
0.0032727152
0.0012851299
0.0135377259
0.0396159135
0.0129322469
2.2861e-06
0.0008586281
0.0033800219
0.0228969992
0.0105567634
0.0227279147
0.0450897902
0.0085468869
0.0158473888
0.0306245628
0.0079704776
0.006923007
0.0062926555
0.0070783077
0.0313467733
0.0114962815
0.020979473
0.0110929994
0.0113211235
0.0115352998
0.010349002
0.0059497324
0.0036659963
0.007484945
0.0139806539
0.0091217724
0.0193672138
0.0097401168
0.0023975273
0.0097231915
0.0222715159
2.4516e-06
0.0153754034
0.0266673258
0.0040037111
0.0054726163
0.0045141324
0.0229707375
0.0086388832
0.0030374884
2.1901e-06
2.2044e-06
0.0010907952
0.0030636153
0.0431411329
0.0017368334
0.0072390261
0.0054976436
0.0052654308
0.0127658098
0.0029590269
0.0622359725
0.0021140152
0.008418277
0.0070380092
0.0053870866
0.0142441468
2.3005e-06
0.0079625296
0.0128474943
0.0132475567
0.0142273091
0.0085912955
0.0173250992
0.0404629332
0.0016979469
0.0016816052
0.0630489988
0.0217816596
0.0072521454
0.0040891173
0.0323321715
0.0051992885
2.2394e-06
2.2731e-06
0.0072116909
0.0387516125
0.0350954669
0.0025636579
0.0181009326
0.0540697458
0.0046389777
0.0022444338
0.0020396942
0.0267639267
0.0077280886
0.0066722995
0.0112387488
0.0226200925
0.004013667
0.0030688866
0.0037201578
0.0116690203
0.0057194639
0.0134283066
0.006219696
0.0211103442
0.010294935
0.0134231034
0.0095464605
0.0270107462
0.0136587525
0.0302320495
0.0999864796
0.0168670424
0.0277468229
0.0067327622
0.0059345559
0.0066415212
0.0301194969
0.0206075247
0.0279720246
0.010298255
0.0027282865
0.0054374492
0.038709985
0.0127836306
0.0058537115
0.0042767441
0.0320812493
0.0070086265
0.0077061656
2.2513e-06
0.0051677279
0.039015089
0.0024243107
0.0199075357
0.0076729749
0.0347778743
0.0054103556
0.0337662876
0.0094166592
0.0033440108
0.0005007257
0.0047996547
0.0042054817
0.023303463
0.0015962952
0.0088369419
0.0020419308
0.012072875
0.0191274087
0.0020021405
0.017710437
0.0101258794
0.0058807909
0.0590833526
0.0031955435
0.0121401522
2.969e-06
0.0096085637
0.010794361
0.0723772392
0.0002482442
0.0073248757
0.0665485256
0.0029328187
0.0292331186
0.0161480521
0.0031060134
0.004546921
0.0124782515
0.0699662785
0.0235287867
0.0372336372
0.0096180794
0.0014585202
0.0100715141
0.015240958
0.0252043915
0.0094344374
0.0123433391
0.0097653869
0.0096350163
0.0059199278
0.01611918
0.0175243629
0.0026304642
0.0306593645
0.0107844403
0.0037284979
0.0199360998
0.0042078261
2.9141e-06
0.0128910159
0.0156196129
0.0046022716
2.1343e-06
0.0117331712
0.0032930975
0.0095475923
0.0085025301
0.008010212
0.0668797828
2.7439e-06
0.002162207
0.0123157317
0.0125912363
0.003924124
0.0559994375
0.0095130568
0.0076053567
0.0277455397
0.0044096331
0.014968092
0.01374183
2.0543e-06
0.00674954
0.0028152442
0.0264604444
0.0240064231
0.0100721921
0.0137576033
0.003740997
0.0198491614
0.0107578142
0.0533908388
0.0115317647
0.0087983188
0.0123525294
0.0021854103
0.0295567178
0.0173395795
0.0440024029
0.0196357372
0.0023020758
0.001912739
0.0191006067
0.0034895234
0.0062011819
0.0025612322
0.0046905556
0.0040074785
0.0190006656
0.0274079243
0.0276290235
0.0036385275
0.0420545612
0.0756915536
0.0035803535
0.0119929426
0.017425293
0.0061557668
0.0141403691
0.0158139846
0.0052730951
0.0026744563
0.0044444309
0.0080730296
0.0359747056
0.0021053355
0.0145226481
0.0076990561
0.0067074098
0.0059696615
0.0063427294
0.0211560016
0.0161155164
0.0076527108
0.0769544061
0.0078278503
0.0019706418
0.0091033651
0.0117048858
0.0017571508
0.3590819084
2.1185e-06
0.0202934241
0.0081364073
0.006403413
0.0065944887
0.0350092236
0.0188603413
0.0238248302
0.0025953682
0.0196691951
0.0160176495
0.009215603
0.0057261661
0.0235412719
0.020084104
0.00714019
0.0240692036
0.0039221957
0.0065464449
0.0036938115
0.0326896037
0.0015416813
0.0147428648
0.0171455759
0.0661512002
0.0052650323
0.0038374866
0.0018426103
0.004160611
0.003034367
0.0170668811
0.0115405782
0.0236994418
0.0053493141
0.0121602288
0.0289358654
0.0041316111
0.013192346
0.0585569819
0.0079040103
0.0025442938
0.0250908205
0.0128845935
0.034110385
0.0089582706
0.0138592214
2.3872e-06
0.0053687223
0.0215734314
0.0100673062
0.0050539672
0.0172945118
0.0132771907
0.0031506521
0.0029300644
0.0225703962
0.0180032151
0.0181796137
0.0539801482
0.0040036796
0.0037582581
0.0608234875
0.0082676606
0.0022210855
0.011608462
0.0664915508
0.0102595056
0.0044596345
0.0174864132
0.0053602482
0.0032768801
0.0024758636
0.0095570891
0.0201102184
0.0128642189
0.0020665512
0.0021874306
0.0119703417
0.0301573851
0.0180232701
0.0318426402
0.0065196908
0.0426846127
0.0019981239
0.0127152541
0.3540688829
0.0254281568
0.0191265725
0.0212846878
0.0073756202
0.0164725072
0.0092616121
0.0149106739
0.0159676151
0.0091890268
0.0194304543
0.0021072453
0.0062917334
0.0162133093
0.0111053039
0.0130294134
0.0068818008
0.0064640636
0.0043305563
0.0055937126
0.002877268
0.0391278076
0.0083774309
0.0279671376
0.0035225981
0.0046575531
0.0171014227
0.0531181687
0.0180219867
0.0092929454
0.0040068205
0.0220963347
0.0019272903
0.0045385126
0.007683543
0.0279752229
0.0063612227
0.0472552967
0.0026141412
0.0051741834
0.0242888081
0.0317574311
0.0061783709
0.0084618195
0.0142575041
0.0196962797
0.0098684131
0.0009245906
0.00359898
0.0052620072
0.0547242301
0.060629617
0.0287735457
0.0048870363
0.0015075244
0.0216481866
0.0699874883
0.0188921621
0.0105498835
0.0073039194
0.0148308568
0.0130434524
0.0086948801
0.0021628647
0.0083014867
0.0108626164
0.0142162036
0.0108234408
0.0495007625
0.0160726634
0.0850143003
0.002579122
0.0057685477
0.0329255856
0.0310991401
2.9015e-06
0.0093670264
0.0072194962
0.0341104833
0.0159377212
0.0071660205
0.2905316386
0.0115697589
0.1561022804
0.0072431454
0.0163906538
0.0515096667
0.032647559
0.0365193305
0.0185968996
0.0046572186
0.0034464501
0.0029954964
0.1374180669
0.0267701556
0.0091219612
0.0258637215
0.4627724122
0.0047163075
0.0028533276
0.0126593111
0.0028815129
0.0033543482
0.0107776024
0.0081582601
0.0165864887
0.0019251792
0.0170471245
0.0086667026
0.006936271
0.0169525599
0.0043806528
0.0157940285
0.0208379165
0.0088709601
0.0019754455
0.0064489327
0.0311452012
0.0048603531
0.0131275199
0.0064469564
0.0226943533
0.0080298537
0.0228499707
0.0087228658
0.0235101724
0.0044544296
0.0121543143
0.0376707025
0.0089327942
0.0073026893
0.0202765979
0.0106065504
0.0080466782
0.0080870275
0.0148832674
0.0067147771
0.0050825511
0.0016285574
0.0436274711
0.0067951405
0.0081026229
0.0136720941
0.0072786804
0.0052678099
0.0045762985
0.0042471881
0.0123017369
0.01702371
0.0154763452
0.0276760166
0.0667923983
0.0065410697
0.0037857904
0.008373217
0.0219704199
0.0441417179
0.0319704924
0.0402336422
0.0395299666
0.1053284554
0.0049637972
0.0068601315
0.0034439537
0.0043795801
0.0452533502
0.0096538359
0.0122008004
0.0114600128
0.006482557
0.007085869
0.0219830656
0.0087051354
0.0122359817
0.0145169728
0.0261169299
0.0253822633
0.0021212807
0.0035952387
0.0572988649
0.0079041944
0.0046476557
0.0129029075
0.0178963438
0.0035828785
0.0166686965
0.0166295987
0.001992087
0.0155379038
0.0366969222
0.0156127384
0.029531737
0.0015914819
0.0096059807
0.0274796869
0.0038467497
0.0124573887
0.0078512034
0.0044328252
0.0070208866
0.0159986743
0.0165388997
0.0203744023
0.0070052409
0.0063888666
0.0117035696
0.0057116635
0.0034651321
0.0107914857
0.002181768
0.0037039192
0.0561947557
0.0175111104
0.0359571533
0.0141361493
0.0135978675
0.0267047228
0.0169373233
0.0051465288
0.003296416
0.0151466848
0.0394956258
0.0034107659
0.0069561505
0.0048479967
0.0476149276
0.0487148993
0.0042028827
2.4745e-06
0.0217246207
0.0035330046
0.0077282601
0.0084491545
0.0030512786
0.0122355463
0.0538017832
0.0044335795
0.0053149643
0.1117564442
0.007413689
0.0058563903
0.0307496587
0.0593715524
0.0030994881
0.0060946958
0.0101890219
0.0161765736
0.0027451229
0.0057751595
0.0509120721
0.0042142846
0.0083650264
0.0475738629
0.0017262015
0.0013466226
0.0209940149
0.0020752607
0.0356908494
0.052386702
0.0037955275
0.0094041841
0.0159528548
0.0094359337
0.0060317018
0.0118588724
0.0034799535
2.5318e-06
0.0056014988
0.0101344143
0.042140713
0.0025510851
0.0039580929
0.0052770693
0.0045440353
0.003173156
0.0301312081
0.015289071
0.0246094819
0.0175733293
0.0032940583
0.0060016923
0.0400511018
0.022093419
0.015630807
0.0066838932
0.0052869982
0.0251041069
0.0204830749
0.0067938271
0.0056423399
0.0083894696
0.0552105557
0.0144145811
2.33675e-05
0.0326001857
0.0058623596
0.0102180773
0.0114845153
0.0091562272
0.0169156359
0.0069916897
0.0042778046
0.0295870592
0.0062595007
0.0232465442
0.024538966
0.0109814574
0.005287794
0.032303205
0.0022507369
0.0022093199
0.0223568812
0.0040260152
0.0173596414
0.0028134741
0.0130684265
0.0433302212
0.010412883
0.0298247964
0.0054178344
0.0062952764
0.0029686361
0.0038413078
0.0163958501
2.1559e-06
0.0090726216
0.0174056897
0.0044973328
0.004024158
0.0046041082
0.0255130288
0.0014348855
0.0040313585
0.0070130541
0.0068393743
0.0200239265
0.0161415875
0.0209282529
2.4526e-06
0.0226781631
0.0088106677
0.0146038394
0.0052908104
0.0041635153
0.0098807212
0.0390600666
0.0066652037
0.0055911193
2.0145e-06
0.0077581168
0.0087326377
0.0064208826
0.0260143355
0.0474327698
0.0096091229
0.0128966332
0.0122876878
0.0397264325
0.012460889
0.0122959108
0.0072514687
0.0135736846
0.0115688812
0.0124165712
0.0083400771
0.0066052602
0.0207118467
0.0156918741
0.007307237
0.0030129916
0.002156093
0.003861951
0.0292085729
0.077606311
0.0099776449
0.0148083541
0.001009232
0.0042513284
0.0072217838
0.0196199746
0.0115247568
0.0069037502
0.0177980253
0.0043692196
2.1278e-06
2.4165e-05
0.0097302619
0.0151403935
0.011222697
0.0133606411
0.007882802
0.0211870544
0.0266832651
0.0193937484
0.0516476162
0.0245039408
0.0020876408
0.0092319684
0.0088832743
0.007295592
0.0036239033
0.0748888149
0.0081458657
0.0054336552
0.0161150973
0.0095068245
0.0259080599
0.0254600813
0.0038819746
0.0067747746
0.0188239271
0.0018540299
0.014369592
0.0098231244
0.0364050816
0.0041313493
0.0057059283
0.025129526
0.0038333471
0.0196704188
0.0097260953
0.0287991783
0.0087692211
0.0335577389
0.0028867629
0.0097443263
0.0093297075
0.0227154699
0.0597089536
0.0113931877
0.0488959947
0.0055188675
2.2065e-06
0.0038783916
0.0189427473
0.002712223
0.0086951112
0.0051936947
0.0042044175
0.0060594894
0.0075094
0.002510864
0.0151443966
0.0059401522
0.0023019563
0.0092770005
0.0105793193
0.028684813
0.0068152209
0.0171400752
0.0058412995
0.0417551104
0.0052700486
0.0105688824
0.0077689164
0.0124862991
0.0172905113
0.0351612847
0.0062378988
0.0437193581
0.0043258824
0.0069960775
0.0339227899
0.0067656466
0.0145833244
0.0344914653
0.042103599
0.0883080305
0.0104428845
0.007334105
0.0110487477
0.0100396181
0.0083794349
0.0101882639
0.0041174384
0.0063373139
0.0023159816
0.0035422017
0.0042753295
0.0058307897
0.0094124267
0.0308847202
0.0106887032
0.0105890441
0.0005141961
0.0065841655
0.0114266601
0.0043562248
0.0035589227
0.0064625187
0.0118327383
0.00513791
0.0031692298
0.0052713242
0.0081989323
0.0098681968
0.0381546112
0.0083093074
0.0047994402
0.0188307197
0.0068689363
0.0050310765
0.0316914779
2.0902e-06
0.0094328999
0.0084676392
0.0079061252
0.0067296758
0.0101693812
0.0321814665
0.0021026879
0.0128230739
0.002597648
0.0070478592
2.247e-06
2.1445e-06
0.0087362081
0.0035505999
0.0350633062
2.2499e-06
0.0206116594
0.0340842195
0.0173533299
0.0135471111
0.0058425326
0.0053610682
0.0104486924
0.0077828268
0.0230102887
2.7486e-06
0.0035142634
0.0221990164
0.3469561343
2.2194e-06
0.0100652655
0.0081633289
0.011289743
0.0316719197
0.0266734522
0.0096971047
0.0261860115
0.0398141769
0.004700651
0.0063587592
0.024467538
0.0302961994
0.008837234
2.0414e-06
0.0057984443
0.0288810957
0.0136634114
0.0184453893
0.0098947567
0.0187572235
0.0260771928
0.0157310608
0.0322747247
0.0199693235
0.0029123076
0.0295278312
0.0049720667
0.0075947731
0.2953643618
0.0062772584
0.0157400173
0.0015921767
0.0071152444
0.0078591779
0.0043141167
0.045792728
0.0036124315
0.0074301935
0.0027645883
0.0053399954
0.0332159819
0.0486452664
0.019570743
0.0131510042
0.0054799787
0.0016954943
2.1385e-06
0.0023476917
2.7719e-06
0.048906334
0.0422762929
0.0067979158
0.0070768792
0.0095154184
0.0036005046
0.0322358627
0.0445292421
0.0036048102
0.0133486059
0.0062733976
0.0021925346
0.0433734654
0.0239512484
2.8666e-06
0.004244276
0.0035444216
0.009154815
0.0517075544
0.0068587293
0.0245984763
0.0244646801
0.0132325287
0.0016838819
0.0051376553
0.0068934304
0.0206079452
0.0051743173
0.0452609541
0.0023514275
0.0059961387
0.0103010004
0.011209565
0.0451612295
0.007556635
0.0100811905
0.0017838645
0.0011198545
0.096603794
0.0145948228
0.0159323765
0.0351210144
0.0109142493
0.0113067863
0.0153968878
0.0359305265
0.0026797926
0.0707922817
0.0272097294
0.0052957408
0.0247301838
0.0162075463
0.001419528
0.0003712616
0.037286772
0.0114895839
0.0027766684
0.0075406258
0.0121131455
0.0082384374
0.0182620966
0.0073659566
0.0070832581
0.0039414949
0.0041104132
0.0176967961
0.0119696097
0.0190107182
0.0113104898
0.0033790759
0.0076187788
0.0060637277
0.0028836963
0.0034895128
0.0122739859
0.0031641837
0.0054207196
0.0062637067
0.0243084981
0.0379985758
0.0246263191
0.0438394265
0.0111274384
0.0034996596
0.0069398842
0.0456587136
0.0091493614
0.0255635367
0.0165006464
0.006679606
0.0168409141
0.0055502951
0.0419137122
0.0191395688
0.0067879713
0.0099825807
0.0036752057
0.0168488311
0.0138208527
0.0143983986
0.0045427174
0.0106020639
0.0072342497
0.0126781117
0.0061373871
0.1412151474
0.0225544048
0.0067281353
0.002298065
0.0147284251
0.0058331147
0.0057587833
0.0034873438
0.0074785373
0.0009249538
0.0270387884
0.0032265055
0.0128828741
0.0087431681
0.0035180077
0.0242528623
0.0035399584
0.0065869287
0.0016614691
0.0197208284
0.0218499928
0.0034521471
0.0024888695
0.017505846
0.0136005223
0.0356715067
0.0103495356
0.0060878811
0.003097161
0.0065030951
0.0058010463
0.017499951
0.0124754391
0.0162664553
0.0023349105
0.0221381592
0.006660228
2.2757e-06
0.0057033965
0.0033899094
0.0163008282
0.0303479344
0.063926084
0.0215345437
0.0056887356
0.0275233023
0.0036458685
0.0087339148
0.0158395717
0.0151583499
0.0364577285
0.0079981079
0.0060385843
0.0573715081
0.0163324824
0.0063516199
0.0320796133
0.0078529737
0.0133585178
0.0128608421
0.0266158696
0.0081281351
0.3710893615
0.0074583182
0.0067922957
2.7646e-06
0.0077592361
0.0041893061
0.0145555998
0.0030077085
0.0036262337
0.0065617304
0.0074611223
0.0131069707
0.0132796883
0.0193221966
0.0081020731
0.0021385944
0.003712189
0.0237683519
0.0046149747
0.0074735347
0.000274442
0.0155836026
0.0040687597
0.0063136437
0.0015284516
0.0045189596
0.0042890872
0.0394976686
0.0230856561
0.0069999547
0.005813415
0.004429308
0.080442371
0.0158475582
0.0044506222
0.0280779682
0.0093989363
0.049930165
0.0155233142
0.0090613317
0.0264791641
0.0195142867
0.0079002439
2.0728e-06
0.0101949201
0.0077735489
0.006746623
0.0111507802
0.0023702027
0.012448118
0.0031180065
0.0214072364
0.005311492
0.0018835399
0.0118253414
0.0040584399
0.0046830419
0.0001763396
0.0347336148
0.0377167845
0.0390725693
0.0116312778
0.0003785587
0.0030804643
0.0047610319
0.0045757402
0.0203132881
0.036632128
0.0051082593
0.011651798
0.0138263685
0.0098227861
0.0538270718
0.0061980525
0.004154435
0.0029261158
0.0063959359
0.0093034044
0.002279359
0.0062754361
0.0061560754
0.0335420282
0.010735545
4.4141e-06
0.0050178519
0.0006768793
0.007334837
0.0036090547
0.0055909282
0.0041958258
1.0596810363
0.0098973882
0.0071256665
0.0032484885
0.0098540952
0.0197270895
0.0182616763
0.006550816
0.0298153911
0.0068800778
0.0046905825
0.0088547336
0.0118137383
0.0148785931
0.0076257574
0.0279364042
2.0084e-06
0.0579200034
0.0228912733
0.0177929865
0.0106034176
0.0028978545
0.0544712632
0.0096314876
0.0448387961
0.0111880669
0.0070016047
0.020493574
0.0125778762
0.0115379549
0.0020559235
0.0087694418
0.0039244595
0.0129321082
0.0012908547
0.0211384772
0.0261148548
0.0034978052
0.0171417316
0.0171877787
0.0296410093
0.0908761446
0.0069656732
0.0091510408
0.0133562709
0.0075636577
0.0114220457
0.0301227437
0.0079794453
0.0078931192
0.0022035821
0.0093565837
0.00445897
0.0107403503
0.0014045233
0.0015574021
2.4819e-06
0.0050847644
0.00095544
0.0015348937
0.0030367137
0.0126454023
0.0123169336
0.0042647242
0.0035126597
0.0033516409
0.0072331469
0.0027979577
0.0324907456
2.7517e-06
0.0033349347
0.0032915007
0.0157378775
0.0054939793
0.0364883861
0.0484479811
0.004941003
0.0263079513
0.0682687074
0.0724595178
0.0044143106
0.0107653775
0.015211099
0.0154912462
0.0115704228
0.0309531212
0.0004837351
0.006991577
0.0176363596
0.0069220339
0.0027155314
0.0047861814
0.0049616871
0.019876491
0.0138798511
0.0017721678
0.0146010147
0.0082390424
0.009815253
0.0222974976
0.0416382536
0.0106594004
0.007100885
0.0093123532
0.0072168102
0.0286677383
0.0036459764
0.0057465774
0.0302011644
0.0043100507
0.005272426
0.0430904362
0.1571883438
0.0136098452
0.0090254814
0.0519472311
0.0085704288
0.0103264619
0.0145858957
0.0016782883
0.0030890709
0.0312736898
0.0656205923
0.0127029381
0.0113691983
0.0447343396
0.0146093578
0.0267337305
0.0007992494
0.0038178124
0.0027795027
0.0052991176
0.0413986291
0.0024798272
0.0197580833
0.0102640248
0.4307071845
0.0012774547
0.0049426745
0.015854156
0.0014896652
0.004299973
0.0165583211
0.0102752867
0.0088109354
0.0059077554
0.0357667608
0.0206802057
0.0079908557
0.0031753745
0.0358316516
2.0042e-06
0.0035260866
0.0029716796
0.0488870043
2.1005e-06
0.004331349
0.0011817803
0.0213097064
0.0018214073
2.7644e-06
0.0462901726
0.0118855705
0.0312949107
0.0109225386
0.0234336749
0.0017375221
2.2336e-06
0.0198951018
0.0098427746
0.0124178898
0.0273136393
0.0720726501
0.0118111912
0.0091709414
0.0415095171
0.0157422946
0.0173866404
0.0258758255
0.0134232805
0.0063747094
0.0162597082
0.018882181
0.0196586498
0.0019931703
0.0171779918
0.029099596
0.0098321378
0.0091672124
0.0308963968
0.0090189564
0.0127756772
0.0085672239
0.0046142006
0.0046027617
0.0087593167
0.0193267087
0.0069015326
0.0217378264
0.0099231109
0.006780067
0.0031883216
0.0009903679
0.0026288065
2.4189e-06
0.0074976829
0.0228585853
0.018036759
0.0043734237
0.0013345391
2.3917e-06
0.0091264503
0.0004945238
0.0061567944
0.0188806767
0.0096212592
0.0031195437
0.0083755707
0.0095401354
0.0160929151
0.0116052365
0.0320872977
0.0040790215
0.0023069461
0.0050125437
0.0078389878
0.0166013057
0.0114829856
0.0139265553
2.2249e-06
0.0018667189
0.006041625
0.0169544865
0.0062279116
0.0138117452
0.0234771281
0.0012281217
0.0067197605
0.0120231103
0.0087439006
0.0060790537
0.0155017116
0.0154761913
0.0052942646
0.065018517
0.0599739219
0.0006826676
0.0131918628
0.0187720851
0.0085649575
0.0071920183
0.0131915585
0.003503775
2.4471e-06
0.0011885696
0.023401028
0.0273730149
0.0182018812
0.0101083307
0.0090970992
0.0116922736
0.0029560668
0.0237722041
0.0052619826
0.0477622394
0.0032259573
0.0017734436
0.0189766396
0.0067383768
0.0052998517
0.0276504174
0.0051773518
0.0149173974
0.0251210565
0.0435226204
0.0358107302
0.0332901562
0.0125378885
0.009133385
0.0060668761
0.0097218478
0.0173345314
0.0047184914
0.007894784
0.0055821522
0.0064980914
2.9106e-06
0.0043010049
0.0091414728
0.0060054624
0.0077058783
0.0106374647
0.0233450737
0.00708019
0.0123487437
0.0540036465
0.0033517877
0.0020807299
0.0104196816
0.0145054428
2.3515e-06
0.0247698681
0.0198360676
0.0161881327
0.0025898856
0.00909873
0.0074448709
0.0050826819
0.0069570603
0.0135205054
0.0015607369
0.0096694614
0.0227299501
0.0037284224
0.0045303082
2.6108e-06
0.0060788008
0.0111389505
0.0077057477
0.0041397674
2.2427e-06
0.0386989784
0.0083392001
0.005192698
0.0081576198
0.016515519
0.0021291467
0.006163685
0.2102485041
2.304e-06
0.0229943351
0.0053183965
0.0048462033
0.0030997576
0.0071313158
0.0178262495
0.0062459349
0.0074948578
0.0033704054
0.0070119554
0.0636108617
0.0037637844
0.0021790779
0.0061759898
0.0039000053
0.022428268
0.0195908463
0.0181911844
0.0049597344
0.0212676211
0.0183024368
0.0094441456
0.0285136074
2.1192e-06
0.0550404835
0.0098672633
0.789039904
0.01681013
0.0238618156
0.0401628053
0.0300347967
0.0024453399
0.0140170144
0.0071172371
0.0060095048
0.0046192757
0.0113120453
0.0024613835
0.0426151055
0.0044638062
0.0084891857
0.0087790342
0.0166301641
0.0050281879
0.0065318078
0.014836035
0.0039270906
0.0507744391
0.0188649812
0.0155914127
0.0257904598
0.0137146975
0.0192248888
0.0901324952
0.0038634872
0.0058538591
0.0037375885
0.0031774876
2.5504e-06
0.023736632
0.0299352874
0.0254498097
0.0531168688
2.177e-06
0.007881359
0.0014710858
0.0074002162
2.6155e-06
0.0477508423
0.0121152907
0.0288714704
2.2189e-06
0.0063484071
0.00505872
0.0231417493
0.0105013479
0.0229867217
0.0018022735
0.0088510068
0.0079120971
0.010314847
0.0084346266
0.0078069634
0.0483635474
0.0103253299
0.007101143
0.0046817286
0.0270456653
0.0158066651
0.0107442498
0.0045017163
0.0176106578
0.0200013941
0.0200729819
0.0386498409
0.0126872512
0.0031558845
0.0118677216
0.0071114589
0.0067746721
0.0061515646
0.0274558214
0.0064946673
0.0030796108
0.0056650012
0.0157476836
0.004450029
0.0289104387
0.0671424147
0.0100621785
0.0174379801
0.0205086518
0.0050293475
0.0021670276
0.0072718315
6.00447e-05
0.0184527951
0.3819975017
0.0059793784
0.0264681914
0.0235701027
0.0051684736
0.0019861998
0.0063528284
0.018739451
0.0050258713
0.0105319432
0.0118328645
0.0029193081
0.0006914631
0.0075696357
0.0095776003
0.0030775358
0.0022224371
0.0034506461
0.0168617708
0.0119797093
0.0206813622
0.038069336
0.0104424385
0.0043397348
0.0449034328
0.0193582091
0.0118161103
0.0228793166
0.0016774155
0.0053762041
0.0078913557
0.0081382834
0.0016425185
0.0060709621
0.0285909687
0.0339257207
0.0093502243
0.0207423593
0.0135818233
0.016004272
0.0300070798
0.0312241216
0.0620564687
0.0436836551
0.0044993791
0.0304862154
0.0208880141
0.0544564696
0.0173022456
0.0040551403
0.0495033442
0.0176215212
0.2061519961
0.0078751994
0.003161799
0.0235176376
0.01285015
0.0027681605
0.0040803677
0.0022435349
0.0027794649
0.051710338
2.3327e-06
0.0026306353
0.0013144861
0.0017880807
0.0085111755
2.4289e-06
0.0031382844
0.0074792039
0.0610554389
0.008611808
0.022138009
0.0084917117
0.0029102065
0.0348693452
0.0054360391
0.0259405408
0.0040583466
0.0220475759
0.0100568503
0.003376476
0.0193629829
0.0011898918
0.0101935518
0.0028387165
0.0036003227
0.0038784597
0.0025719796
0.0028800005
0.0354896124
0.0132090243
0.02013158
0.008869118
0.0046246694
0.0075548555
0.0067855383
0.0032716676
0.0261005052
0.0061806844
0.0025537105
0.0054899869
0.0365640465
0.0040558597
0.0062043187
0.006505771
0.011327727
0.005701384
0.0120083573
0.0081904294
0.0017633735
0.0196812668
0.0143521599
0.0033053553
0.048027446
0.0129437839
0.0297681592
0.0102647956
0.0301543567
0.1116910627
0.0602377234
0.0132996691
0.008557801
0.0297511166
0.0016362795
0.0042285776
0.0219838643
0.0798216996
0.0604025628
0.0019170465
0.0138890389
0.0157296757
0.0138360518
0.0136100246
0.015013543
0.0229698219
0.008651458
0.0036449175
0.0289907162
0.009219886
2.5321e-06
0.0215208387
0.0103175283
0.0068115612
0.0071535475
0.015833348
0.0059599226
0.0014902573
0.0038878758
0.0048415759
0.0016316014
0.0007901584
0.0107129681
0.0025111362
0.0026752754
0.0113562898
0.512532579
0.0051533169
0.0336347056
0.0023375265
0.0045780752
0.0019437466
0.0122569448
0.0039546352
0.0106220014
0.0030387555
0.0116230915
0.0114200822
0.0106499289
0.0244321858
0.0106535449
0.0492042068
0.0075966662
0.0222045966
0.0209815684
0.040061919
0.0075495903
0.0327208876
0.0163879359
0.0916348605
0.0034946159
0.0146307054
0.006722137
0.0304133879
0.0201944441
0.0255893163
0.0209287286
0.0383921128
0.0012555625
0.0022601427
0.004315742
0.0055246229
0.0205118528
0.0063549674
0.0120528866
0.004611762
0.0041309209
0.0071250019
0.0113506947
0.035632952
0.0028644818
0.0080417086
0.0028497998
0.0094446521
0.0246302215
0.0112230679
0.0040312904
0.0020208129
2.0385e-06
0.0024280065
0.009241393
0.0045145141
0.0051363935
0.0033233272
2.3471e-06
0.0122985522
0.0054205504
0.0199456816
0.0251605812
0.005605303
0.004860329
0.0429177634
0.0124434495
0.0527651046
0.0225113819
0.0955211919
0.0007396754
0.0083544095
0.0046130686
0.0041747212
0.0083370182
0.0094145874
0.0004724346
0.0036879976
0.0292431255
0.0425281392
0.0157655383
0.0100381961
0.0065714246
0.0105719699
0.0053817432
0.0058232795
0.0161744591
0.0045780494
0.0050716299
0.0140857689
0.014282066
0.0079957049
0.0151665665
0.0049869566
2.8214e-06
2.1323e-06
0.0190605137
0.0040510119
0.0053271758
0.0350001632
0.0587375498
0.1218641599
0.0214988729
0.0176851076
0.0125457107
0.0100096185
0.00818734
0.016572644
2.1754e-06
0.0037920092
0.0270053275
0.0203961236
0.0100499204
0.0164523874
0.0029540765
0.0012184759
0.0152695873
0.0070322566
0.0024063266
0.0252154829
0.0063087726
0.0055759397
0.0136677597
0.0273174378
0.0127095485
0.0036656204
0.0052262985
0.0042920704
2.8261e-06
0.0019826237
0.0097420232
0.0640668218
0.0027059764
0.0076508395
0.0146563337
0.004298511
0.0039289754
2.0308e-06
0.0090723718
0.0115113647
0.0156595894
0.0109580971
0.0033560638
0.0329793322
0.0565912794
0.004454456
2.094e-06
0.0168326203
0.0167345535
0.0364637798
0.0126689063
0.0037638143
0.0173004921
0.0029333591
0.0035563899
2.2068e-06
0.0159888338
0.0562853104
0.0380198617
0.0084397964
0.0075901479
0.0168762356
0.0031506513
0.0057274076
0.0026151906
0.0084582358
0.0020200309
0.0221267658
0.0146879673
0.0170781553
0.010850409
0.0046431427
0.0006344758
0.0189031762
0.0282409354
0.0058784423
0.0046707547
0.002852474
0.0134372678
0.0107675862
0.0313490859
0.003562453
0.0182085201
0.0184471153
0.0166782385
2.2552e-06
0.0349232171
0.0337459647
0.003901348
0.0037880425
0.0048053666
0.0027737235
0.0039163308
0.0065576105
0.0046321113
0.0061044561
0.0100797611
0.033785461
0.0066783229
0.0030987339
0.0183962841
0.0138548328
0.078207097
0.0046264771
0.0077499336
0.0080931762
0.0421221343
0.0303100127
0.0134584716
0.0331751728
0.0099266145
0.0096936779
0.0095572001
0.0023787781
0.0109036657
0.0168175034
0.0439130321
0.0501108742
0.0265064411
0.0032376754
0.0131349351
0.0079871717
0.0019960578
0.0135273171
0.0062509282
0.0099518536
0.0137130499
0.0048170034
0.0382935885
0.0024611816
0.0017165799
0.0027771857
0.0032150295
0.0055886077
0.0106744296
0.0998582375
0.0189738905
2.2839e-06
0.0294248006
0.0132892488
0.0236487485
0.0095416352
0.0094467559
0.0139979005
2.0797e-06
2.0083e-06
0.0526129755
0.0043031769
0.0040922511
0.0032571539
0.0008827486
0.0028936353
0.0130677771
0.0094433272
0.0029918379
0.0159024185
0.0150472978
0.0236608023
0.0250478042
0.0046748756
0.0024375308
0.0047547951
0.0031828782
0.0086720826
0.0035316318
0.0025565464
0.0248159529
0.0039194591
0.0146029084
0.004013912
0.0060915134
0.0110326407
0.0011025588
0.0047701241
0.1357505106
0.0349163654
0.0451695944
0.0085110739
0.003313002
0.009050348
0.0069185085
0.0412818982
0.0146458923
0.0095082591
0.0362234113
0.0262371226
0.0055174557
0.0039706454
0.0088774308
0.0390749745
0.0069329052
0.0328400116
0.0065620187
0.0119590341
0.0254966561
0.0094930493
0.0017490268
0.0062416369
0.0207228021
0.0050145357
0.0385049389
0.0408726267
0.0252923891
0.0119070797
0.0018001698
0.0148350391
0.0234025355
0.0017162443
0.0098663541
2.839e-06
0.0047815373
0.0098211534
0.00689659
0.0033413177
0.0265708863
0.0053864423
0.0361126184
0.0239021477
0.0039851855
0.370969546
0.0087806381
0.0205791933
0.0072153265
0.0378070057
0.0039434325
0.007421998
0.0757405006
0.0025593954
0.0378279058
0.0034312336
0.0027200416
0.0079335939
0.0122624491
0.0740811948
0.0229252961
0.007336987
0.0056849795
0.0096200973
2.3083e-06
0.0012244513
0.0066276443
0.0093363137
0.0026892291
0.119136604
0.0284441773
0.006095495
0.0089828166
0.0285330306
0.0030887236
2.5248e-06
0.0430455851
0.0046367686
2.0563e-06
0.0064869585
0.0106147342
0.0041329557
0.0044135328
0.0021175413
0.0294696633
0.0033188928
0.0419192848
0.0192850827
0.0157456373
0.0102406129
0.0082043665
0.009545887
0.0013925509
0.0088766898
0.0664724762
0.005311276
0.0669475371
0.022664753
0.0076212419
0.0037038476
0.0120623593
0.0035189033
0.0074609482
0.0465619055
0.0247530334
0.0236809307
0.0069353269
0.0034399688
0.0122625213
0.0008065209
0.0260917381
0.005069695
0.01968769
0.0131038946
0.040066134
0.0105550983
0.0030942097
0.0074275532
0.0216322595
0.0219933614
0.0085630423
0.0263158956
0.0060708365
0.0104487842
0.0217575793
0.0074642984
0.0052589581
0.0317251114
0.0348029334
0.0400557349
0.0147286303
0.0081286925
0.0189697251
0.0064549501
0.0010832237
0.0027921171
0.0044906809
0.0946199325
0.004062732
0.0010062091
0.0312834159
0.0352115577
0.0053598428
0.012295733
0.0159260944
2.2815e-06
0.0042785961
0.0124892416
0.0071084102
0.0039121504
0.0143173146
0.0057285804
0.0069271429
0.004656052
0.0290805096
4.25803e-05
0.0210665178
0.0080479401
0.0209493676
0.0321942281
0.0120910881
0.0052101932
0.014617764
0.022932275
0.0117934536
2.4402e-06
0.0113733567
0.0168172056
0.0248992619
0.0162300447
0.0066724172
0.0314054392
0.0205485586
0.0665087069
0.0176774271
0.0078125453
0.0227596056
0.0099844906
0.0084612895
0.0091919543
0.0224126857
0.006458493
0.0040760303
0.0095687226
0.0627076486
0.0022506176
0.0213788527
0.0746787918
0.0321450354
0.0020299252
0.0070590187
0.0094134393
0.0230950369
0.0035294433
0.0268123934
0.0200865511
0.0172282788
0.0182171347
0.0097829099
0.0052886297
0.0133183041
0.0139747361
0.025884673
0.0142252096
0.0160060907
0.0015460462
0.0019055503
0.0051551093
0.0262339032
0.0077426089
0.0137520851
0.0136825988
0.1152376816
0.0132775408
0.0123773021
0.0112104558
0.0055569594
0.0375033658
0.0239811284
0.0050521954
0.0072055686
0.0041452405
0.004884782
0.0201558862
0.016751948
0.0163562992
0.0103153225
0.0420738774
0.0570041833
0.0376060869
0.0229868027
0.0429527967
0.0228455172
0.0011067621
0.0104703062
0.005177749
0.0366758382
0.0043725262
0.0431972695
0.021960461
0.0045261258
0.0094420526
0.0206700118
0.0105302738
0.0237067349
0.0108290349
0.0118530129
0.0202020446
0.0079742053
0.0329341116
0.0317782645