0.3774875771
0.3235914108
0.4175014698
0.7629645257
0.4624788556
0.910497839
0.3476511717
0.6147469625
0.3446219292
0.9858712085
0.4223825261
0.30749616
0.5592534194
0.5982405515
0.2898973189
0.2802639232
0.9500628061
0.3799108189
0.4057793431
0.4682116434
0.5390045879
0.5045792688
0.750713576
0.5342801936
0.1043141106
0.4420144038
0.6013920726
0.337670213
0.4875714318
0.5985572365
0.5641574649
0.3780790521
0.2051181693
0.4196643693
0.570206482
0.6297224228
0.5992180854
0.5429949348
0.414428627
0.8074060805
0.4889674401
0.7660340517
0.8050322775
0.316703759
0.2577076299
0.6767537289
0.4342145273
0.2862667604
0.6834389937
0.2827445386
0.3197142751
0.8467771717
0.4620433985
0.714312588
0.5380092168
0.4306295827
0.2348762059
0.2446972682
0.5742503049
0.5326209271
0.5527141577
0.5259097293
0.436241008
0.636347573
0.5114093456
0.4686443483
0.4321939756
0.5447737935
0.5959645553
0.6680804138
0.3670227795
0.5735139411
0.4504862145
0.6689330704
0.3226259068
0.5608724532
0.3382985192
0.3112858645
0.4076058562
0.3079571723
0.3435103077
0.772903466
1.2033042634
0.3504124713
0.4335228784
0.7881728566
0.2613887037
0.6379499078
0.3993603562
0.4341187521
0.6011404218
0.3078195829
0.5354757335
0.449785985
0.5523063044
2.5014165354
0.4551489303
0.4893249863
0.4072046516
0.5064559412
0.555930733
0.3416236397
0.3084277491
0.8514083773
0.7296766354
0.8068826144
1.094783758
0.681494459
0.5467745695
0.4270626989
0.5921518938
1.8658083661
0.6891635574
0.4045711136
0.5268259362
0.4614638145
0.3116586505
0.8931068201
0.5125930916
0.4160077989
0.4943820896
0.4457491467
0.9928190595
0.6033667872
0.3283196886
0.5709607269
0.5726595978
0.5090119727
0.6297095414
0.4530213039
0.5145026078
0.4463563822
0.3458788949
0.6518144138
0.4710600296
0.5159910564
0.5388920853
0.4683907548
3.2518206425
0.490278106
0.3779887111
0.806355105
0.7125152425
0.342482284
0.7477578486
0.7293379239
1.4400451822
0.2785601176
0.5754400448
0.7119346621
0.3858600535
0.765747612
0.4240136545
0.63041617
1.0717028232
0.9178341462
0.7818718473
0.3312957116
0.4102740143
0.2446253929
0.4206525544
0.5886071613
2.0938015846
0.5161685424
0.1500718807
0.4416030648
0.4557474931
0.5330329255
0.3649098671
0.3536619749
0.5215321027
1.2023402028
0.5514216854
0.5079226297
0.4875114582
0.6547917952
0.5128009051
0.7184657568
0.6209409956
0.8239220096
0.6586261829
0.2498370845
0.3609172207
0.3771424234
0.6492093329
0.5594490211
0.3132890601
0.412317777
0.506119138
0.5126378326
0.6277635502
0.5203241062
0.6574707617
0.9918888562
0.8194396835
0.5782631513
0.5663379473
0.3559306422
0.474960279
0.4333120506
0.4895983758
0.5723712907
0.3443749939
0.5726386982
0.5078918322
0.5483130535
0.4823107521
0.459683898
0.3902262898
0.3277737803
0.279921258
0.3314013547
1.0660771013
0.5633315411
0.4643460003
0.4073878087
0.5176450353
0.4581806024
0.4778947102
0.5752612219
0.3679978739
0.393607692
0.3534561731
0.455339284
0.4971727932
0.3238671845
0.715360016
0.6240613816
0.746103988
0.4818652037
0.4461742041
0.3243070193
0.662070664
0.3110338698
0.328392298
0.3065567067
0.4295420371
0.8850673965
0.3970473525
0.4486672966
0.3381333745
0.8694832963
0.5056622223
0.886838304
0.48766404
0.7399181295
0.3293468741
0.7415935434
0.8628151937
1.4534833759
0.6032656672
0.516618441
0.4706066035
0.2819823021
0.2820183108
0.3984546626
0.5450025794
0.4860194937
0.4239979126
0.456857041
0.5379086594
0.5388778576
0.4538757228
0.2858332632
0.2587792737
0.5860522675
0.4077707085
0.3375184303
0.4135419815
0.2997358101
0.3661628572
0.5114234445
0.3824875895
0.4739121746
0.418058222
0.4786147785
0.4871159278
0.5215979938
0.3524893301
0.62026216
0.6766279221
0.4643786291
0.4145912197
0.4317810427
0.5091203003
0.3210024493
1.6299164265
0.614011729
0.6007478004
0.4808450048
0.4852085126
0.6174677321
0.4706586811
0.5454292406
0.6090059428
0.4566181137
0.4865834178
1.1569795824
0.3757891031
1.2473064793
0.5096851203
0.2904123573
0.619063167
7.4720023838
0.6509441185
0.277891865
0.6726562995
0.418252083
0.5833132356
0.3290018267
0.4663254694
0.7231877584
0.463792225
0.2231651861
0.5025516808
0.4426054739
0.3758302748
0.3482000813
0.5253222228
0.5685340911
0.4617775842
0.6309146461
0.4095970111
0.5166631897
0.2393068031
0.6559589761
0.8283787849
0.4971357189
0.2826265941
0.4741045481
1.4153230837
0.3559263018
0.6371233463
0.4974407804
0.2911634032
0.4008449657
0.4136338632
0.3436149312
0.5581342849
0.4226244546
0.3729537744
0.5093201783
0.4118137766
9.529623916
0.3133775469
0.4129728225
0.351009596
0.3088488944
0.3619329056
0.3948253514
0.6825426764
0.3606823657
0.3744231117
0.0982218431
0.5605310574
0.5049898007
0.4528767138
0.4403945891
0.4890556387
0.3014317946
0.4688769078
0.3735282076
0.7930117986
0.352205894
0.1600748659
0.3425762693
0.0683451686
0.4894818609
0.6810777426
0.3349393838
0.7726510837
6.1849703951
0.4521264883
0.5194036882
0.4602240368
1.0619083127
0.3910368796
0.6137158401
0.29460102
0.3721538876
0.3055740553
0.6938043606
0.279017378
0.9951814957
0.6539467274
0.6380455223
0.5783802997
0.4428388752
0.4756173782
0.5438008621
0.4683193207
0.4615820562
0.4229530956
0.2099971366
0.4345725235
0.427811892
0.7024234023
0.4288089718
0.5432293222
0.5081854857
0.4112485514
0.4252217124
0.3399414819
0.3911235018
0.5025727496
0.5866515379
0.8084579138
0.644814108
0.7349354452
0.6404999957
0.3513738044
0.3942989659
0.4804071371
0.6594969908
0.6284150631
0.6536762523
0.3391726654
0.7212500793
0.4224858304
1.0432970998
0.234490133
0.6525020182
0.4942788986
0.4885226954
0.3593910811
0.2642357899
0.4459731239
0.9545346131
0.3248382597
0.5797011507
0.6362969991
0.4209762799
0.3838697321
0.477776384
0.7347749257
0.3147870473
0.247548635
0.5274329996
1.8163386613
0.4486803587
0.6649320559
0.4499657566
0.4408065828
0.7133339932
0.3689032177
0.4091398994
0.6727536932
0.4546262127
0.3147834743
0.3203839088
0.2609944222
0.475923822
0.9617053736
0.437693541
0.2377874802
0.4940029672
0.6592379093
4.1703389105
1.8616435703
0.3322662555
0.3407766694
0.1550909112
0.390928375
0.8390593553
0.5707837103
0.4077514053
0.4490084516
0.2633793591
0.6133672935
0.4244077812
0.6609097792
0.4633932505
0.8667590222
0.6286708153
0.4605586875
0.3960232312
0.3873657976
0.6027366662
0.5539469349
0.461101668
0.3936591953
0.3020037876
0.0412262091
0.2954051716
0.7232289614
0.5467394246
0.5455512113
0.3032782357
0.38415875
0.49951294
0.4615497813
0.4566553325
0.3649471861
0.4093407102
0.4828590236
4.7624121317
0.3419145627
0.4735327412
0.446482758
0.8312758193
0.4625553982
0.4954841705
0.3664434023
0.3630360235
0.6463565682
0.3542275814
0.7176070833
0.4536532027
0.9155022937
0.3286839671
0.6332820579
1.1307227898
0.3614262749
0.4101215605
0.3672370985
0.7970864321
0.4609663693
0.7333072678
0.3768670559
0.4092353222
0.7221040646
0.718060552
0.8917833819
0.6759539969
0.6207145645
0.6677901074
0.4528038045
0.6547777964
0.4405178191
0.5589092889
0.4944203301
0.4555548097
0.4573318956
0.5749790318
0.6944806982
0.0930018134
0.339478349
0.4496929326
0.407574103
0.4387688871
0.4325640452
0.4727179113
0.4237893518
0.2379199908
0.6655743177
0.5074104063
0.416219741
0.5076829867
0.5369827763
0.6146886997
0.2800814898
0.7481501403
0.8531858909
0.5120344643
0.6255570474
0.3197679222
0.3548748355
0.3725507101
0.7671878127
0.4209517625
0.4650160585
0.4479865527
0.9690010934
0.3220509495
0.2679646351
0.3845114109
0.9341615628
0.3036669059
0.8483455848
0.4785057202
0.403784641
0.6008275655
0.8392717385
1.0484664868
0.339115383
0.5349004681
0.6845813203
0.584952775
0.4143835931
0.3464291534
0.2736476712
0.4596241634
0.3969872979
0.4026002733
0.7148222241
2.5127053762
0.6314786924
0.4793783788
0.2350432885
0.8426489938
0.2820337472
0.2892304852
0.4221329959
0.5782149403
0.501111171
0.4925130013
0.5001857744
0.3899102689
0.533030838
0.3694732304
0.2998545509
0.6144166584
0.440208726
0.7219399112
0.4094189703
0.9391579686
0.2814038186
0.5878485787
0.3863673195
0.6136687914
0.5538954984
0.4143317472
0.554532779
0.3914487051
0.557138157
0.4694595494
0.5545555235
0.9591991969
0.3619299677
0.4624014471
0.4229461982
0.4599468975
0.785528816
0.4827462981
0.5199763286
1.0172164876
0.3894445833
0.2284804123
0.4847409548
0.6890868438
0.6872642024
0.7506606171
0.3017431107
0.30080692
0.4563424667
0.3504710458
0.4916087021
0.359163905
0.1962059053
0.5749125501
0.3606657112
0.5979307859
0.4474862759
0.0764333076
0.65981991
0.7157373831
0.587814865
0.7590242394
0.2837238649
0.4405234242
0.5510085914
0.3711050224
0.360510355
0.6778224108
0.3482582995
0.6751891943
0.4537158948
0.3644411739
0.378209542
0.3657785033
0.8867551493
0.3086189545
0.5567277961
0.4693828193
0.5326963278
0.1750248463
0.5763864642
0.506495179
0.4834576326
0.5071436701
0.3115831766
0.407048451
0.3712589918
0.364678242
0.6188994894
0.6887310867
0.3076625559
0.845067666
0.4335864495
0.6429440482
0.5492259347
0.5236006333
0.4861243618
0.5416739378
0.35359005
0.7139409221
0.4491316935
0.4672114751
0.5140755409
0.5730545516
0.4539700253
0.3857016297
0.3553935665
0.556496216
0.7850064601
0.5740200398
0.3854019016
0.5185488205
0.4590460067
1.2339594156
0.416537948
0.5236807756
0.6552406434
0.5669164107
2.5058330734
0.3644343748
0.6832837031
0.3145379163
0.435685544
0.4250184827
0.5892951533
0.3880751072
0.4914155886
0.53387884
0.3960748749
0.4379585825
0.5935796399
0.3960257323
0.5141405656
0.3114239756
0.2800676438
0.3564541243
0.3568147475
0.7136691918
0.4527358563
0.8561541611
0.3010527359
0.3062954183
0.2427381057
0.7946625258
0.5226676993
0.4509481386
0.4151970066
0.5255209943
0.4186095234
0.5065773803
0.4263636228
0.2605654838
0.7549863336
1.1654507128
0.4681008911
0.6669019705
0.6793199253
0.349895022
0.3335686296
0.5051894752
0.358347484
0.2913875499
0.3900377012
1.1510297505
0.4577755958
0.9411104845
0.8392294062
0.5690622631
0.3340411877
0.4739462751
0.745678747
0.5444277954
0.5438464959
0.76135057
0.5271207486
0.6761256039
0.3958597468
0.5553681147
0.4607663406
0.5926706663
0.4915972463
0.4035867893
0.7031523617
1.244468567
0.3660619402
0.600402561
0.4469587242
0.5498233646
0.7691055907
0.6314418078
0.4126009418
0.4570987476
0.6437508205
0.4146802948
0.3919808403
0.3240423509
0.3773195956
0.2841246289
0.6720328929
0.881482195
0.4730856213
0.610732958
0.3626098545
0.3182093537
0.4519828444
0.4353369259
0.6160916648
0.5793406307
0.4542412755
0.4042920466
0.534377633
0.5629418045
0.4890449493
0.4225888155
0.6062997118
0.4105538629
0.379072696
0.4597379769
1.109105451
0.8308380797
0.4895470975
0.5227061374
0.3599677005
0.5504678562
0.7334590438
0.5413649552
0.3652665163
0.4404946983
0.4986609484
0.4535169296
0.4648142124
0.6373063959
0.3919896898
0.2662310783
0.4461912461
0.2883547328
0.4896154372
1.6398248407
0.6881768426
0.4164247239
0.1707196414
0.6269373067
0.5565856485
0.5507481672
0.5810292404
0.5440206301
0.4391172515
0.281417032
0.3979411575
0.4371482376
0.3280751415
0.3741313321
0.7652532533
0.7009507374
0.4699942148
0.8771764315
0.4825842571
0.3369672505
0.4725137336
0.5113947347
0.4385996042
0.4750670084
0.2660225065
0.6388357464
0.7325514901
0.4737478424
0.50302431
0.0464935141
0.4313851819
0.4609015073
0.3556028151
0.4205643806
0.5417347416
0.2799257717
0.5320789839
0.3564736835
0.5393600828
0.5324407742
0.4594118555
0.6742943858
0.3654154214
0.5582047833
1.7030298143
0.4586266585
0.2782596411
0.375013768
0.2226671406
0.316316227
0.2243597386
0.3040741435
0.7143363726
0.4359014943
0.522644106
0.4010835776
0.4328387376
0.4507343437
0.2557031242
0.4854616413
0.7146606598
0.4595940946
0.4429381434
0.4484774662
0.3845845467
0.3092821056
0.3871284427
0.5375239136
0.7012797779
0.4617205473
0.6939732867
0.4346777383
0.4198298159
0.5143612313
0.4265812827
0.4094572713
0.496458525
0.5139581425
2.468318395
0.4404000886
0.431910814
0.7205079172
0.6794975473
0.3315766567
0.4136013424
0.4721110965
0.2873169871
0.6458528653
0.4986034517
0.446119864
0.3034621469
0.3678223884
0.778599201
0.4678131983
0.8062737134
0.2677024332
0.3884062045
0.4943520445
0.5947952009
0.5223605941
0.6303780184
0.7134738708
0.4960302917
0.3695308884
0.6626892152
0.6207871087
0.5959992298
0.454665116
0.4626846824
0.7258722782
0.6284178616
0.3531848517
0.4781471722
0.5074753094
0.3958247067
0.6166472811
0.6420307303
0.4971492405
0.4029136715
0.4388385257
0.4337975856
0.6122534687
0.4192403593
0.553204209
1.0014532583
0.519948005
0.3490643414
0.5461205894
0.4830552367
0.2309597724
0.5618322766
0.3379399446
0.5372545506
0.4258076075
0.3444081789
0.3688402068
0.6537322372
0.8682815517
0.3644460975
0.6804252607
0.6847015785
0.4806371695
0.2828838491
0.4541696146
0.4324481766
0.538962427
0.3156419706
0.4903150898
0.6986301295
0.6342092817
0.4390237966
0.349310604
0.421732959
0.7002104751
0.3668207458
0.5448614496
0.2363457591
0.3418189169
0.3328890578
0.4401096307
0.8089113172
0.5374326652
0.3906200341
0.3636724119
0.4514917649
0.5939911096
0.4555650403
0.5212310604
0.7054962851
1.0444714214
0.4297053001
0.5235037056
0.6078923109
0.6179654359
0.5539119522
0.6829492984
0.3844618214
0.6366812147
0.6596913818
0.5850564746
0.3667790289
0.600340257
0.5116971587
0.9318452861
0.9905789305
1.4811562019
0.5024170572
0.4085268954
0.7138523907
0.1224919747
0.4175664461
0.3580237629
0.8343864628
0.5732147301
0.3513835354
0.403972862
0.5918308715
0.4190656727
0.4988305115
0.5059210775
0.4490537005
0.4760661677
0.3382158431
0.6417215972
0.553163033
0.6319496632
0.3757552743
0.4855117886
0.356742331
0.6051898965
0.4050871819
0.3693762335
0.9021920203
0.3499335389
0.5109960425
0.7836008952
0.5115515542
0.5362313123
0.5733667273
0.5924151174
1.1084519763
0.9930725659
0.3811477946
0.0493805141
0.4515904895
0.4250522676
1.1675366294
0.689851057
0.4418459301
0.5231028609
0.3791370969
0.7686822527
0.3521998107
0.3558391149
0.450046307
0.4206745951
0.2961022993
0.3132730459
0.8464894891
0.2432931011
0.338744526
0.6219365141
0.6152654581
0.6485147377
0.4547909473
0.5271747938
0.8555838114
0.6921168777
0.469920475
0.7355178023
0.5768391832
0.3260197629
0.5545968529
0.4440351228
0.2764750753
0.4328744835
0.4416020995
0.3924238775
0.0336457908
0.4883646508
0.7374550276
0.6365473066
0.2613606721
0.6469607632
0.7140652328
0.1793804495
0.3782412735
0.3991341052
0.5227840829
0.2892257788
0.4416490141
0.4431998662
0.5080962013
0.5123001797
0.2507715423
0.5815981999
0.5246328713
0.780903296
0.4913682022
0.7052780247
0.6772069046
0.4971155493
0.5883246316
0.5183169458
0.3650308771
0.5934685139
0.4088743778
0.5968451739
0.4083051763
0.6549825953
0.4429136971
0.6153498471
0.7253312068
0.5207768212
0.5827929914
0.544916659
0.5383438731
0.2621773253
0.4876826791
0.5374030212
0.337144676
0.5165017474
0.3204359331
0.6057382773
0.798845931
0.5000639708
0.3831772109
0.334389669
0.4958585688
0.527163323
0.6626874307
0.3231800923
0.4628163405
0.3083934123
1.3624584684
0.3555812198
0.3481512407
0.3500094144
0.5533242883
0.6411357181
0.2326271793
0.3115786933
0.4467277756
1.1673911107
0.4921984442
0.4247684378
0.4981124421
0.6014277141
0.4242459763
0.4263353224
0.6051880537
0.4280899103
0.5001153606
0.5316544754
0.3389487116
0.444387271
0.4235176809
0.455425502
0.8045701088
0.4688115218
0.4569808787
0.6606336814
0.574557998
0.3043957331
0.394476282
0.7613336765
0.37572364
0.4904215634
0.500334879
0.4458368168
0.5732264053
0.6033768785
0.339484867
0.405140247
0.2881089553
0.5297445707
0.5201444175
0.5768443598
0.5047017121
0.288834702
0.307432932
0.4603507533
0.7586692272
0.4542652956
0.2885435993
0.5131818086
0.4181090488
0.630942118
0.7479947576
0.2832646763
0.5260791677
0.7801780198
0.5049305652
0.7979956887
0.7324614854
0.4008472481
0.443028242
0.5944630535
0.4961197045
0.7673731896
0.6253630065
0.4868289403
0.4823561189
0.6371157175
0.6212978625
0.2726390328
0.5347318529
0.5028391226
0.6395201457
0.4714339015
0.3961515186
0.4011457652
0.6583122816
0.3951227203
0.412115344
1.0102258513
0.412588817
0.5053882873
0.4432521246
0.3211182501
0.5197862495
0.737605095
0.3814390604
0.3206264037
0.4605950294
0.4382983887
0.3429060918
0.4491791139
0.4319762976
0.3790295384
0.3176845674
0.41511419
0.7428396919
0.4904277722
0.3281783681
0.426700298
1.3740009027
0.4540726172
0.4194538922
0.5308307871
0.3150837579
0.4485194616
0.5433102742
0.417821741
0.3892965902
0.4091890286
0.4298706213
0.2942739879
0.4135168549
0.7372795333
0.2261190321
0.7348178304
0.3201175009
0.4395655632
0.206924223
0.7766287851
1.311553728
0.816081679
0.2948434142
0.7852290063
0.5439908272
0.39666687
0.4184209188
0.6233823231
0.3965537771
0.4337705358
0.8767725225
0.4967596486
0.6337283692
0.5809417273
0.3841991738
0.5367238571
0.5634025082
0.379629888
0.0385284174
0.2801410761
0.8099723653
0.4432695589
0.4597423184
0.5034368183
0.5019540915
0.5476554736
0.8022745042
0.4897458342
0.5935185182
1.0306949115
0.7103119366
3.9513255428
0.4200535881
0.0518678064
0.4203696622
0.3570109886
0.3674140457
0.4028019482
0.4859544794
0.6751694712
0.5272235342
0.9072453113
0.4535208961
0.4479710529
0.726050776
0.6602867101
0.4225531201
0.8441955883
0.4943292409
0.3725031417
0.5095924568
0.6085228674
0.4443840871
0.4712689923
0.3509000455
0.6059151812
0.3241866773
0.5439264904
0.3535900743
0.4715783116
0.6555012594
0.5983044562
0.7071625423
0.4201037972
0.5734316586
0.5950314024
0.3617425276
0.3352595224
1.0808515969
1.0519085783
0.4894840899
0.4705727062
0.4038028409
0.5043520402
0.3698499152
0.2995896249
0.5132361869
0.8337252287
0.4914477486
0.5885430553
0.6767629247
0.4429079682
0.418779419
0.4203291405
0.4455284022
0.3354530655
0.3448659175
0.3203538608
0.4495010663
0.3530665088
0.6781458736
0.3415178147
0.1781238644
0.3931002384
0.7391899701
0.3311672824
0.4582640107
0.2857635684
0.2230177725
0.2496101176
1.1678188396
0.5014768721
0.6075549575
0.5137256095
0.4280294502
0.5642696107
0.2577053267
0.4657640326
1.3031870921
0.5430113462
0.1042107456
0.4967100919
0.5481012488
0.4028926899
0.2877756743
0.7063819404
1.4300170336
0.4633638365
0.405389844
0.4395930309
0.6786412543
0.6099630058
0.5733327505
0.6099875026
0.302552931
0.3554808698
0.6384064267
0.2988037989
0.27980222
1.546733309
0.465312718
0.4784385136
1.0154676932
0.444231387
0.6941046667
0.651969527
0.4056046491
0.5095960223
0.4375404273
0.4064783262
0.4537641656
0.3079442649
0.563061427
0.5346333822
0.3284050015
0.6344139733
0.48283109
0.0597531057
0.6178605146
0.4698643707
0.4177020583
0.6871462372
1.090935772
0.4419014831
0.6156915664
0.2246012995
0.5125417123
0.2567710063
0.3464699088
0.436157777
0.45761964
0.4080361177
0.4800805076
0.378394312
0.456495949
0.4179905468
0.4525688683
0.8879121034
0.6850620499
0.2860284656
0.403293366
0.4736535185
0.5239015733
0.8386137564
0.6006961716
0.4902994091
0.6300244722
0.4499196097
0.5059352753
0.3735681476
0.4356253902
0.4792902916
0.3352258033
0.4213049833
0.3547617351
0.3148720607
0.3319516754
0.2726082247
0.3711013603
0.4541200355
1.04705353
0.2934063515
0.3486827217
0.6161865631
0.8531896484
0.4798922978
0.415536092
0.404980724
0.3511507992
0.4906893426
0.9446766941
0.9819389553
0.0471430235
0.4605889912
0.9118019577
0.379248579
0.3687381655
0.3212559438
0.7573634477
0.8721550868
0.5541341432
0.6068981304
0.6022221298
0.6872048175
0.6930896585
0.6012410654
0.5481276988
0.391198161
0.5503865081
0.7740153168
0.4901570561
0.4913947224
0.3944406077
0.4840041523
0.70396042
0.654582895
0.3949125834
0.8513149124
0.3959943022
0.3798499596
0.2883694799
0.3505164618
0.522011539
0.2762734582
0.6268923642
0.2599868193
0.4571562332
0.4072706658
0.4428413148
0.4418969385
0.6360269577
0.4761571882
0.3610766532
0.726549825
0.3373392669
0.4273637328
0.3880327108
0.2655710392
5.7428500744
0.4296143944
0.7008143153
0.5124661112
0.3473517578
0.7670484637
0.4758672388
0.6959854231
0.6629407322
0.3468396515
0.399803657
0.3916289795
0.481045348
0.7713365642
0.4857881658
0.4420520273
0.4160053841
0.6523189104
0.4665338885
0.3323737815
0.6066731738
0.628298975
0.3375519855
0.4755605199
0.8783283848
0.4448355326
0.3124056928
0.3286510557
0.279622382
0.5831831545
0.4453010756
0.4781870996
0.4783057396
0.5698911992
0.3513562711
0.5041079806
0.2676912069
0.0351886624
0.6580680683
0.5641787445
0.2922077487
0.4482527715
0.3941016556
0.5201801056
0.5434284826
1.1359523266
0.4517613189
0.8593671996
0.5020015054
0.62013934
0.4392867009
0.9172959962
0.7683629303
1.1573082237
0.9973345976
0.4749268334
0.4337038611
0.5017178735
0.4704497475
0.8641081733
0.3646754708
0.4971578368
0.4528664817
0.4609419633
0.5472143613
0.5204827317
0.3421742409
0.9128798876
0.4957458756
0.8615987036
0.3481929068
0.450551599
0.5140152247
0.46724666
0.4751707445
0.3482380287
0.9369395742
0.2868228607
0.344850516
0.4836306826
0.7414479293
0.3574952807
1.5168009909
0.3990962388
0.9250172582
0.0826481735
4.3694699465
0.4520638857
0.4478486856
0.368131974
0.5448756337
0.4052539287
0.5038797718
0.5193151219
0.2945705489
0.6308750397
0.4844119146
0.4715675705
0.5282279003
0.3444082523
0.4170613639
0.4811498696
0.5882508202
0.3328250265
0.4712593283
0.469452919
0.2785025102
0.1850076996
0.2712134872
0.5335212056
2.053950536
0.2119335756
0.5531347908
0.5392864295
0.2588664564
0.8107916997
0.511396222
0.741093489
0.3145561114
0.597180313
0.3089536802
0.5398179546
0.480288674
0.3813455061
0.4627723613
0.8166521714
0.503523317
0.4915689475
0.4101480463
0.3751882438
0.3866970576
0.6705442512
0.4411615101
0.6703669417
0.588332753
0.3871916992
0.2051100442
0.437552091
0.3281453938
0.4425106707
0.2400045086
0.2421269003
0.5950690311
0.6919645131
0.3802254485
0.3562231425
0.4124875437
0.4722912441
0.5606439494
0.4054993499
0.1927356084
0.382241318
0.3127113057
0.5252025994
0.6058932876
0.4484169232
0.6705609408
0.3373541972
0.9434277258
0.5870146687
0.9994945104
0.6228081635
0.524927562
0.383336467
0.5330562657
0.4771939877
0.5529153963
0.4368056171
0.693777782
0.4562893839
0.3573518561
0.5367405486
0.1961912441
0.3715559363
0.6305311106
0.5123994978
0.3333459194
0.3574507401
0.5259647812
0.4720373503
0.5419442345
0.500900135
0.38658202
0.4063308161
0.4270725242
0.492648359
0.4069017424
0.4723765522
0.5400030598
0.3354107507
0.4553253499
0.5558793423
0.5320961391
0.31323556
0.4269278076
0.9222356192
0.4169287751
3.5859282143
0.4404144083
0.3274340277
0.3545797
0.4395669548
0.8567708849
0.532622657
0.2789980594
0.4629504749
0.3635370674
0.5593434443
0.671834685
0.3820678655
0.4137276634
7.3071469313
0.3416285189
0.2320194293
0.3164821692
0.4838153354
0.7660215825
0.5343850681
0.5459122193
0.2599607783
0.9478579257
0.6375047406
0.3514366178
0.2775413437
0.5609289364
0.3366666678
0.4005282243
0.8055152963
0.4513987702
0.5718946573
0.3399352631
0.7399520743
0.3133031506
0.4732723559
0.4072346667
0.5319253348
0.6860207526
0.3378859222
0.3500202953
0.5300142233
0.2761506945
0.343458954
0.3496057929
0.4667608799
0.2977503956
0.443055687
0.6289373595
0.479350471
0.2862044923
0.6211680631
0.4141635267
0.4933322641
0.3368695814
0.3651148716
0.7364145727
0.5428065895
9.9003062263
0.3926003491
0.4291691646
0.4821589052
0.370735453
0.6445687698
0.378882607
0.404161821
0.3385420421
0.3326825525
0.5229588663
0.9572403058
0.6371930397
0.3133946224
0.3925856298
0.4473953859
1.0785207754
1.2908378026
0.506226016
0.6133331939
0.0528061917
0.4219522474
1.4855738489
0.3360972885
0.4807781103
0.5058477817
1.2895300849
0.8106758357
0.8704591488
0.6223191413
0.6485015265
0.2684703243
0.7833317713
0.7240217734
0.3790763428
0.4008309199
0.5050767761
0.6475348011
0.2686378937
0.5618930292
0.160200583
0.5054705681
0.6877293914
0.3522842533
0.3921320329
0.5509987517
0.3048261035
0.3706233357
0.4470689929
4.0718877077
0.4114995892
0.3118979988
0.5479811091
0.4469242024
0.3586592842
0.492424865
0.8862615008
0.8868107135
0.5855341595
0.6497040731
0.2346054549
0.4105271615
0.6799497916
0.4688482978
0.2118883976
0.3149841884
0.4519030805
0.7335061965
0.4975220672
0.7575454173
0.8535744354
0.3573712627
0.5645111564
0.4183785129
0.2633986051
0.3131550775
1.0831144556
0.5277800865
0.9169314485
0.4015417068
0.4663534176
0.498976994
0.5114411865
0.3583048214
0.4052589896
0.3778707818
0.3602202738
0.4203380568
0.6196388539
0.7240905283
0.4280595962
0.7064336072
0.4962980517
0.3424891117
0.6289900993
0.4445415734
0.3849124563
0.7012270683