1015
1034
1044
1062
1063
1068
1069
1072
1076
1077
1078
1079
1080
1086
1089
1091
1096
1101
1104
1107
1108
1110
1111
1112
1115
1116
1117
1119
1120
1123
1124
1125
1127
1132
1133
1134
1136
1137
1139
1141
1145
1151
1155
1160
1162
1165
1167
1169
1170
1171
1175
1176
1177
1178
1179
1182
1192
1197
1198
1199
1200
1207
1218
1219
1225
1235
1238
1242
1243
1246
1251
1255
1258
1260
1261
1262
1263
1269
1270
1276
1280
1281
1283
1291
1301
1310
1344
1345
1349
1350
1353
1357
1358
1360
1361
1365
1366
1367
1369
1371
1373
1374
1375
1376
1378
1379
1380
1381
1384
1385
1389
1390
1392
1393
1397
1398
1399
1400
1401
1403
1408
1409
1410
1411
1412
1414
1415
1416
1417
1420
1421
1424
1425
1427
1429
1431
1432
1433
1436
1440
1441
1442
1443
1445
1448
1450
1452
1453
1455
1457
1458
1460
1461
1463
1465
1466
1468
1472
1474
1477
1478
1480
1481
1484
1485
1488
1493
1514
1516
1517
1520
1523
1527
1529
1532
1536
1538
1539
1546
1547
1568
1573
1575
1583
1584
1612
1614
1615
1616
1619
1620
1621
1622
1624
1625
1626
1627
1628
1629
1632
1637
1640
1641
1642
1644
1646
1647
1648
1649
1650
1652
1653
1655
1658
1659
1660
1661
1664
1665
1667
1668
1669
1670
1671
1678
1679
1686
1688
1689
1694
1695
1696
1697
1698
1699
1700
1701
1704
1705
1706
1707
1708
1718
1721
1722
1726
1731
1733
1736
1737
1738
1741
1743
1754
1759
1760
1771
1774
1779
1780
1791
1793
1799
1805
1810
1812
1818
1827
1832
1834
1836
1848
1863
1885
1886
1888
1890
1892
1895
1896
1897
1898
1900
1901
1902
1903
1905
1908
1909
1910
1911
1912
1914
1916
1920
1922
1926
1927
1931
1932
1935
1936
1937
1939
1940
1943
1945
1946
1947
1948
1949
1950
1952
1961
1963
1964
1967
1968
1969
1970
1971
1975
1976
1977
1979
1982
1983
1984
1985
1986
1987
1991
1992
1996
1999
2003
2004
2006
2008
2009
2016
2018
2020
2021
2024
2030
2033
2034
2035
2039
2040
2042
2046
2047
2054
2055
2067
2069
2077
2080
2084
2085
2088
2099
2104
2139
2140
2142
2143
2144
2145
2146
2149
2150
2151
2153
2156
2157
2158
2160
2162
2163
2165
2166
2167
2168
2173
2174
2175
2176
2183
2184
2185
2187
2191
2194
2196
2198
2199
2200
2206
2208
2209
2211
2213
2216
2219
2220
2223
2225
2226
2227
2229
2231
2233
2235
2236
2237
2239
2241
2244
2245
2246
2250
2251
2252
2253
2256
2257
2258
2260
2264
2266
2267
2268
2270
2271
2275
2277
2279
2280
2281
2282
2286
2288
2290
2299
2300
2309
2310
2313
2314
2315
2324
2329
2331
2338
2348
2354
2374
2376
2380
2381
2382
2384
2387
2388
2389
2392
2393
2394
2395
2396
2397
2398
2399
2400
2404
2406
2407
2408
2409
2410
2413
2414
2417
2418
2420
2422
2423
2427
2430
2435
2436
2437
2440
2441
2442
2443
2447
2450
2453
2454
2455
2457
2458
2460
2464
2466
2467
2470
2472
2473
2474
2475
2476
2477
2478
2479
2480
2481
2483
2485
2486
2489
2490
2491
2492
2494
2497
2500
2504
2513
2516
2524
2532
2533
2540
2550
2558
2566
2569
2572
2575
2578
2579
2580
2581
2584
2585
2586
2587
2588
2589
2590
2595
2598
2599
2601
2602
2603
2606
2607
2608
2609
2610
2613
2615
2616
2617
2618
2619
2621
2623
2624
2625
2627
2628
2630
2631
2635
2636
2637
2638
2639
2640
2641
2642
2643
2646
2648
2652
2653
2655
2657
2659
2661
2662
2664
2665
2668
2669
2675
2676
2684
2686
2691
2692
2693
2709
2716
2721
2733
2743
2745
2747
2749
2751
2752
2753
2754
2755
2756
2758
2759
276
2761
2762
2763
2764
2766
2767
2768
2769
2770
2771
2773
2776
2778
2782
2784
2786
2787
2790
2791
2792
2794
2795
2796
2797
2798
2802
2803
2806
2807
2809
2810
2811
2812
2813
2814
2815
2819
2824
2825
2826
2827
2838
2842
2843
2848
2860
2863
2866
2868
2872
2876
2877
2878
2879
2880
2881
2882
2883
2884
2886
2888
2889
2890
2892
2894
2895
2897
2898
2899
2901
2902
2904
2907
2909
2910
2911
2912
2916
2917
2918
2919
2920
2921
2922
2924
2928
2933
2935
2938
2947
2950
2954
2956
2957
2959
2966
2983
2985
2987
2990
2991
2994
2999
3001
3002
3003
3017
3029
3030
3031
3032
3033
3034
3036
3037
3038
3040
3043
3047
3058
3059
3062
3065
3069
3070
379
393
396
416
421
443
445
449
452
456
463
480
486
601
603
608
611
621
638
654
663
682
684
691
693
694
695
696
705
714
717
718
734
743
744
779
781
795
813
821
822
825
828
830
832
833
837
838
841
845
850
851
855
856
866
870
871
874
877
885
896
897
900
902
916
919
920
922
925
927
929
931
933
940
942
963
969
974
