0.1416755467
0.1218249411
0.2545164277
0.1498077785
0.2685206327
0.1915180239
0.090708837
0.2049300705
0.2084686883
0.1574621714
0.0934833657
0.1836490163
0.2046985701
0.1436687441
0.1431086492
0.1883346214
0.1592004719
0.2660019307
0.2574578628
0.2843211468
0.1756324451
0.0926329831
0.330494968
0.1724767274
0.1539893751
0.2378843996
0.1978765994
0.169430511
0.1019459471
0.1987677271
0.2215083947
0.2448720562
0.3508040005
0.1867319607
0.1337900809
0.114239439
0.2045593559
0.1573588881
0.2414272071
0.193738654
0.1406095238
0.430430207
0.1842768878
0.1527380757
0.2625658946
0.1904790816
0.1262019235
0.1827998949
0.1394799563
0.2629792135
0.1793416375
0.2759406386
0.1506425257
0.1100080724
0.1571345411
0.2165150265
0.1769393058
0.1861469891
0.2033312588
0.306218699
0.1836536329
0.240770544
0.1389069398
0.1817293607
0.2102754509
0.2511070894
0.3453172802
0.1467378467
0.1752827832
0.2121980977
0.1459943078
0.1478761626
0.1026888458
0.31054047
0.1594283796
0.1407237029
0.1476635893
0.1945963036
0.114887468
0.3016726168
0.2072453373
0.1293977896
0.225671663
0.1722770915
0.2484129738
0.3055968199
0.139653868
0.1858304897
0.0887582622
0.3006786905
0.3910269623
0.1918523367
0.2160403286
0.2134406565
0.1769446404
0.1247856765
0.1432975456
0.2815518327
0.1142165476
0.1317837485
0.129915116
0.2244706598
0.196977633
0.2013913768
0.2196417956
0.1120114194
0.2664690256
0.1597634418
0.1643219376
0.2518947169
0.2819914928
0.1524909641
0.1962228245
0.2408554661
0.1122531715
0.1240077087
0.1237391068
0.2696583985
0.1376962926
0.2549522918
0.1337073294
0.0882471701
0.2605398492
0.1215533762
0.2453554362
0.1722424712
0.2426874222
0.1866948553
0.1351666811
0.1741973107
0.1902154028
0.3907450935
0.1857875855
0.2587436031
0.1603062705
0.1971388826
0.1664318549
0.2099581662
0.1869674181
0.1339811968
0.2398506971
0.1835134727
0.1053212855
0.1484911911
0.2618107202
0.0980123567
0.2049295002
0.0695284462
0.2400625036
0.1844204339
0.1281499857
0.254922121
0.2173963329
0.1448277509
0.1834715017
0.1485577157
0.2489515997
0.2786173483
0.0980619211
0.1923609266
0.18806955
0.159409661
0.1831818711
0.1674213863
0.3008794711
0.1985509853
0.138007709
0.0725488751
0.1154003308
0.2383859912
0.2399102592
0.1373503098
0.223992548
0.2358376052
0.1539885771
0.2260171729
0.2450908588
0.1696164672
0.3104212989
0.13727542
0.1923165622
0.2147785141
0.2263834666
0.1338948218
0.1701646181
0.1816142022
0.1831402749
0.2209525517
0.1768854816
0.3022644498
0.2041456602
0.2220914222
0.132900006
0.2702214565
0.217467345
0.1650518821
0.1657679752
0.1403468708
0.1823891651
0.1524433046
0.2125893902
0.1927469132
0.1469650568
0.2931415904
0.1570072619
0.1941781748
0.147151338
0.337778443
0.3204732403
0.3138355371
0.1934936588
0.1405619581
0.0978952581
0.1694636653
0.2436834342
0.0952005828
0.2124539077
0.1341932539
0.1267585796
0.1969147734
0.1187922417
0.1393391637
0.1840152141
0.2445575133
0.2182209046
0.3036711746
0.2036915941
0.1265848932
0.1724419033
0.2012534199
0.2972478994
0.2579001969
0.1944577379
0.11893506
0.1208067007
0.125536509
0.2078007594
0.1928442949
0.1840957003
0.2137340324
0.2036634409
0.1010604853
0.1197833445
0.1708927475
0.1460604628
0.157404363
0.2428455669
0.1541403662
0.1247104455
0.1039897018
0.1100886131
0.2480292359
0.1813717372
0.2277790514
0.149066543
0.2149631698
0.1329642798
0.2263039481
0.184582462
0.1628918225
0.1803037134
0.1490239959
0.1366881353
0.2359664605
0.1583117536
0.1421720973
0.1703773634
0.2352282334
0.2304879534
0.2250244797
0.2237341849
0.1616647145
0.170510018
0.1682947323
0.1326278525
0.2275243297
0.2085046727
0.1819007068
0.1682321072
0.2327431916
0.1193877698
0.2951169684
0.1685154339
0.1828954519
0.1340953342
0.2300904279
0.1672039759
0.1383179299
0.156046915
0.1807730703
0.1254070884
0.2248143984
0.1189926545
0.1837883843
0.2548924777
0.2627074669
0.2900891177
0.2357417375
0.3525286227
0.1488086172
0.1497226696
0.1603466558
0.1965411054
0.1629305117
0.1591671884
0.1625322866
0.1743080639
0.152707519
0.2509765038
0.1014517891
0.2675378253
0.1255343997
0.2104265799
0.1366319403
0.2253292047
0.1564101533
0.1431089432
0.1202874068
0.2020146104
0.2239487313
0.1906663279
0.1791251029
0.1450839074
0.0821009838
0.2640269715
0.1966333292
0.2033099647
0.1819122402
0.2168474119
0.2219537689
0.2095934445
0.150632691
0.1918185637
0.2418980031
0.2351963053
0.0658210003
0.1901641247
0.2223281597
0.1277279354
0.237978247
0.1755586907
0.1797179291
0.1804466047
0.104402974
0.1426488559
0.1356526921
0.1110223833
0.249992143
0.1361025589
0.4040907571
0.1416323317
0.2005875609
0.2207970098
0.1895312356
0.1246873807
0.1591253847
0.1939460384
0.2545108639
0.195699037
0.1109011192
0.2278076671
0.2161030716
0.1917742261
0.2115130705
0.4998991624
0.1428115061
0.1765851719
0.1562202759
0.1452213478
0.186111969
0.2308076873
0.1042878021
0.1439091065
0.1816693737
0.1853374524
0.1973715613
0.2420274305
0.2950383705
0.2134541763
0.149325498
0.2502773231
0.2234726356
0.1706485598
0.1557795129
0.2240037483
0.1820717563
0.2074963058
0.2632654598
0.3988703632
0.1818850807
0.3125459676
0.1450138803
0.2385944577
0.2347593621
0.1562867051
0.249307077
0.1202054399
0.1972095516
0.0918659091
0.1775294185
0.2522683377
0.1068371107
0.246043069
0.123599391
0.1794838767
0.1448239606
0.2834036572
0.1203277068
0.1155445213
0.18368964
0.1667908473
0.1240837876
0.2091956389
0.1532889286
0.1353928574
0.2289342319
0.1420830456
0.1300647642
0.1047231251
0.13973917
0.2259532404
0.1618667234
0.1168050338
0.198791075
0.1625053588
0.1792245551
0.2310275149
0.1628130894
0.1680766677
0.1193062506
0.1462388567
0.1951061734
0.2026101752
0.1591478135
0.1166206833
0.185309907
0.1896881821
0.1593437119
0.3318112381
0.1241783928
0.2648697776
0.1375505954
0.3374890822
0.2742553341
0.2591728335
0.2329764107
0.1832094076
0.1805373984
0.1443415295
0.2229411082
0.2212714562
0.1131214383
0.500465175
0.178543028
0.1604959477
0.20500138
0.1626121569
0.1145653739
0.1813630338
0.1153039924
0.2284761272
0.0830520126
0.3918668384
0.1507717401
0.2128161989
0.2263078287
0.2090611703
0.1693499831
0.1833354129
0.2593804426
0.2625612871
0.1509465249
0.0859931112
0.1650541733
0.2001303436
0.1639037379
0.138666706
0.2089981619
0.1630774231
0.2161197775
0.1571435522
0.143802363
0.2374743442
0.1298462336
0.2509016779
0.2404161854
0.1613917131
0.3381655246
0.1440841094
0.212251669
0.1255888049
0.1421659215
0.3017075875
0.2902867858
0.1312721744
0.1376346822
0.1497545656
0.2271439597
0.1580424842
0.1618492241
0.1108142545
0.0825438005
0.1037951986
0.2397733289
0.3289341287
0.194957615
0.2015372678
0.1411596077
0.3333077595
0.2489965356
0.1304774811
0.3210907909
0.2814854061
0.173326008
0.1736959216
0.1486689311
0.1608932307
0.1152120492
0.2826624264
0.1558538786
0.1471738638
0.3820880198
0.10831828
0.1311313604
0.3401103963
0.1359308191
0.1925378347
0.1066612715
0.1110467448
0.2441170099
0.1678303134
0.1377297645
0.1605343849
0.1327840634
0.2069793976
0.1861049502
0.2382107805
0.1383227739
0.1474409412
0.1811599524
0.2161608165
0.1790149315
0.1362915168
0.2170933346
0.1909524038
0.1094203722
0.1911887464
0.1295338787
0.1798947905
0.1460653655
0.2614077704
0.1393856478
0.2339716533
0.096213808
0.2022981932
0.1439387035
0.1692937454
0.2275297155
0.124264938
0.1286759313
0.3879819056
0.0984536905
0.1167844462
0.347535225
0.1908490352
0.2246866402
0.1564796944
0.1261673749
0.1627856824
0.1692345194
0.1216782975
0.2159812212
0.2299666841
0.1338494922
0.1023579309
0.1858920348
0.1557241295
0.1566735439
0.1226436208
0.1790468069
0.2781809834
0.1182059644
0.2294182595
0.212395376
0.1306005052
0.1198282836
0.1663661445
0.2906295343
0.1050912986
0.2044579241
0.1315047222
0.2381695777
0.132337297
0.1547931473
0.1098810723
0.1965921509
0.160789609
0.154078001
0.2070600124
0.2784255794
0.1887689459
0.2352675066
0.1321211943
0.3574939476
0.189137407
0.2156215487
0.2078224965
0.2652911202
0.1815762258
0.1426437716
0.2454452864
0.1490235479
0.2653699932
0.1259934636
0.2811687637
0.1754915862
0.1877732639
0.2000739933
0.2385260872
0.2553979966
0.1989814321
0.1764162389
0.2044970286
0.1768668583
0.128874648
0.1164956663
0.1081650487
0.1617834899
0.2294604087
0.1565480042
0.1507661867
0.3573327395
0.2389562087
0.1738336168
0.2453700373
0.1511708864
0.1086844136
0.2459347692
0.1587599394
0.2229432172
0.1761358142
0.1639812291
0.1640540807
0.1498559074
0.2118053406
0.1629090557
0.1543069482
0.2267537475
0.1184756583
0.1927655726
0.3059818359
0.1859807746
0.1790108411
0.0793175887
0.1225982819
0.1455259946
0.1800812772
0.1375585041
0.2826335085
0.2330205118
0.1734617005
0.2016546451
0.1750613319
0.1423309018
0.1731471964
0.1444567681
0.1643828144
0.2026793359
0.1326236049
0.1589159792
0.1460479347
0.1241011683
0.1624826709
0.1121895342
0.1226698277
0.1249231983
0.2155391184
0.2799493253
0.0930935817
0.1395323661
0.1644148891
0.1333956697
0.2022382302
0.1062204077
0.1455530478
0.081886588
0.1661325927
0.2028203337
0.2713666998
0.1700641498
0.2929067232
0.1305658849
0.1855613451
0.1570328926
0.1984384434
0.2191000539
0.1864359197
0.1156330607
0.1709997713
0.1652939141
0.0978929452
0.1479764647
0.1999423306
0.2463710119
0.1667299884
0.1057210684
0.3095314042
0.1357409751
0.1483054982
0.1908299751
0.1715652922
0.1597936568
0.1576599616
0.2096176504
0.1999963214
0.2423675248
0.1417591078
0.1366599285
0.1857237243
0.1695119463
0.1761168316
0.1239017919
0.4452382628
0.1698792287
0.118863481
0.1391985482
0.2341210571
0.2569556788
0.1341943623
0.467513166
0.1353508151
0.1869679361
0.2059412129
0.1860498474
0.860171155
0.1459207385
0.1930795216
0.2986892486
0.2187977746
0.1767089963
0.1712663891
0.1314424448
0.1590375317
0.1963489354
0.2584045794
0.1246762161
0.1564370969
0.1604044123
0.1571930147
0.1681488217
0.1584614898
0.1256634764
0.3292486912
0.1705619519
0.2230461891
0.1756249685
0.1568215439
0.1593505205
0.17466549
0.156729265
0.1136931485
0.1616097007
0.1130591219
0.2584583862
0.2591601136
0.1900786131
0.1301712293
0.1813398722
0.2825936237
0.2877344555
0.1655016304
0.2872349738
0.1751088989
0.2654272123
0.1473229448
0.1923304889
0.1528356173
0.2067883882
0.2551243421
0.2075399823
0.1922050223
0.1614686988
0.1485101683
0.1244551457
0.1082305088
0.1372358105
0.1035516665
0.3139077024
0.1744738113
0.417191736
0.177136411
0.1686847363
0.1045966245
0.2037495379
0.1259505596
0.2113108779
0.1258128403
0.2086031126
0.1284793847
0.2695260225
0.3115954161
0.1200451102
0.2311791473
0.0846315125
0.1792181743
0.1042426194
0.1434546584
0.1174058611
0.1525983442
0.1227051018
0.2552551013
0.2160915093
0.2526161071
0.157494107
0.285219549
0.1427710604
0.1580644246
0.1259305759
0.3355099353
0.2028215328
0.1212446036
0.1551529033
0.2064136829
0.1934755885
0.2726360655
0.198215242
0.2480199754
0.1313382239
0.1639764082
0.196088081
0.153077868
0.1704312551
0.1770679442
0.1248089648
0.1341303351
0.2995457847
0.2418155985
0.2131462103
0.1499101828
0.1363207571
0.1994444429
0.1603241513
0.1612784528
0.1456612704
0.199750648
0.0941552589
0.1791634914
0.2238414922
0.2029637561
0.1792171048
0.2266024654
0.138523022
0.4530669141
0.289229734
0.1774509914
0.1767868348
0.2027672882
0.229536716
0.1192268912
0.1909902141
0.2046561917
0.202904535
0.1369219949
0.2021673628
0.1636965705
0.2186532442
0.1652820843
0.1773910844
0.1892568722
0.0997113624
0.2448017553
0.1252533969
0.1898656399
0.1593824397
0.153110281
0.1415527095
0.1747011388
0.1669141923
0.1509247246
0.1451512573
0.2240905959
0.183181485
0.1982394152
0.1715576975
0.1698621475
0.1466835737
0.1727061933
0.1983466285
0.1584841893
0.1896346919
0.1532729603
0.1794851562
0.1884822536
0.203726755
0.2047520635
0.1407132252
0.1658158427
0.1586502587
0.197278378
0.1224378521
0.2074433396
0.2165860448
0.1400464611
0.1197165168
0.2599015696
0.1737407517
0.1876165804
0.2279590862
0.1943430003
0.1451928108
0.2036541998
0.2430191592
0.122780585
0.1316203163
0.1523002118
0.2583770997
0.4681985273
0.2738193503
0.1908682252
0.1731629451
0.2584172647
0.1860074726
0.1997085052
0.1510635748
0.1694166109
0.1770800601
0.1494466657
0.3401508501
0.2674670683
0.1371990307
0.1577454914
0.2037747088
0.1997235191
0.2127169766
0.2153926598
0.2106638708
0.1145509931
0.1821362421
0.3043722871
0.2329580411
0.2284577392
0.2261206632
0.1458895754
0.2662053646
0.1349955724
0.2381975419
0.0939367373
0.112357899
0.0996306837
0.2115360468
0.2342092093
0.1222461456
0.335303186
0.1626756569
0.2357148049
0.1891532423
0.1752275326
0.1479624261
0.1473861668
0.1515307522
0.1550557978
0.2207538948
0.256346129
0.0868014517
0.2466930049
0.2309005357
0.1733022639
0.1202930254
0.1433862976
0.1716733571
0.1399894985
0.1157655144
0.1383625482
0.1506215102
0.2498587952
0.1865744985
0.2361006229
0.1130100995
0.1205811939
0.2626467261
0.1529457971
0.2258830062
0.1851955592
0.1362585672
0.2860034018
0.1142707527
0.1425605718
0.1738809529
0.1860613686
0.1226678507
0.0918261594
0.1014646243
0.1977469288
0.397072719
0.204438128
0.2063120791
0.2641528685
0.1753779005
0.3223758316
0.1598847933
0.1137118049
0.1247453439
0.2110455282
0.1600768257
0.1393631605
0.1627204678
0.1909359002
0.1249933409
0.2149761498
0.2435212847
0.2320144685
0.2768168561
0.2685587574
0.1744692323
0.1633278002
0.1648028089
0.1463251112
0.1383095122
0.1320186869
0.3053684773
0.127253671
0.3045652249
0.2564617181
0.1854554965
0.1068572389
0.1800016072
0.2053780235
0.1637175655
0.2069797365
0.1915447554
0.1494282637
0.1622932592
0.2707789677
0.1638419832
0.1319182296
0.1583456956
0.1335984363
0.1618534059
0.1718901788
0.2585962245
0.131191958
0.2092800864
0.1797599173
0.2111479491
0.1444024303
0.1344783486
0.1940109702
0.142097688
0.1958114718
0.208595494
0.1888219638
0.2154602848
0.2937867463
0.1750280691
0.1870631877
0.1360239146
0.1690571328
0.1617098004
0.2195354844
0.1882585824
0.2003837729
0.1526686688
0.3651946341
0.1769630939
0.1460699886
0.1143867492
0.2537817058
0.2327762767
0.167259679
0.1795069585
0.1120620056
0.1314772227
0.1896937343
0.2044427171
0.1445367104
0.3388838017
0.1557450825
0.1493380938
0.1885203742
0.1568605236
0.1528319942
0.1586572107
0.1873264591
0.1046246611
0.1453210078
0.2450828694
0.2165799856
0.1278536931
0.1268391678
0.1621554598
0.1035633948
0.161586281
0.1921239967
0.2407845793
0.215448981
0.3912529119
0.2687835708
0.2029977082
0.3869208077
0.2531470792
0.227531058
0.1902637334
0.1944734723
0.4152897426
0.224817119
0.1793148687
0.1766947839
0.1056452267
0.1961141368
0.1473861407
0.1546473536
0.14953006
0.195239767
0.1535004354
0.1617368757
0.1369466857
0.1628564711
0.1322684705
0.156857343
0.1478654578
0.1961916739
0.1308594163
0.1281975137
0.0992871324
0.074637111
0.1469929658
0.2311998429
0.1523124166
0.1387662622
0.1479857013
0.1407045851
0.1315906802
0.1832371919
0.1788849534
0.147010006
0.149438757
0.1721489227
0.165569793
0.1844890798
0.2062397911
0.2346606499
0.1097088232
0.0920120307
0.0950400511
0.1852684681
0.1155452875
0.170398847
0.1845901913
0.1843252995
0.3067307512
0.2218494532
0.193387107
0.1922447629
0.2279275101
0.1856777003
0.2397800643
0.1764439738
0.1482279738
0.1550147586
0.1663856643
0.1521597971
0.1106145999
0.108319994
0.1345195897
0.1881647828
0.150338297
0.199993794
0.227155851
0.1965351765
0.2392402891
0.297791508
0.1622600173
0.1603980903
0.1816959761
0.3052133067
0.125874263
0.1437077982
0.1489608079
0.1909032332
0.2132520594
0.204400151
0.1813460489
0.191650089
0.1979099469
0.1340849983
0.2307578816
0.233812708
0.1726714762
0.2251713564
0.1700868097
0.1832166648
0.1654135225
0.1441542802
0.278347396
0.171870574
0.2579908233
0.1296941935
0.2540089655
0.1388995123
0.1606064389
0.1352297585
0.2362517152
0.2103652583
0.4472643631
0.1544818
0.165281702
0.1591429533
0.1861527916
0.1395788286
0.1019756877
0.1714324769
0.2147029264
0.1319051976
0.166639371
0.1692732181
0.2387709425
0.1904249707
0.2073119703
0.1771915125
0.1920941208
0.2110870181
0.2400599444
0.2572073639
0.1084037835
0.1876215797
0.0989980338
0.1509722715
0.1748133149
0.1810670006
0.1160333549
0.2376059418
0.1604060203
0.0752778723
0.1319898142
0.1121490269
0.1255220703
0.1933054696
0.2025234487
0.1953263189
0.1571828093
0.1152136587
0.1650671548
0.1862846759
0.1485338303
0.2079937724
0.2361366417
0.2024369216
0.1771867766
0.15288169
0.1684316069
0.3131640745
0.1817567436
0.1980914168
0.1238880994
0.1414973347
0.1447881288
0.1837932729
0.1315274218
0.1719222737
0.1426395127
0.2563894556
0.2692697443
0.2320796857
0.1937688288
0.1816310535
0.110841269
0.149250424
0.1424604432
0.1549829965
0.1920226173
0.1619915231
0.2377269255
0.1691865984
0.1763073949
0.1464839025
0.3255016279
0.161707489
0.2232083089
0.1133027184
0.1664606374
0.1440320034
0.34938638
0.2709109472
0.2479354028
0.1439349553
0.1555940762
0.1964695579
0.1413505571
0.2942090076
0.1319222931
0.1809861361
0.2024791671
0.1254697271
0.1574945405
0.3011839348
0.2650873115
0.1591516443
0.1759252552
0.2435037884
0.1647741807
0.1928291436
0.1551947243
0.1545759635
0.116955212
0.1590588993
0.1875333005
0.1276713119
0.1549600585
0.2275214122
0.2316414466
0.183275368
0.1721368188
0.2597031484
0.1647072418
0.1621274779
0.1963684497
0.1820658332
0.1183602918
0.1919149706
0.1674471805
0.1145473914
0.1046071604
0.0901172614
0.1728766622
0.1625060277
0.335941977
0.1651425688
0.2346995306
0.1900690742
0.2567983808
0.1638429401
0.0947277922
0.1413706797
0.1559433682
0.2043703876
0.2099278161
0.2144333324
0.1669514646
0.1395971163
0.1513472063
0.1301259933
0.1663863734
0.1797555128
0.162592022
0.1672041305
0.1311660194
0.1502842843
0.151454781
0.1439787196
0.1110316363
0.1601275737
0.1453342356
0.2498596328
0.1946068395
0.1335570783
0.1786398955
0.2844010923
0.2538273873
0.1781812645
0.1220367049
0.1462545907
0.1647282698
0.2842282248
0.1538050522
0.1233324963
0.2590624036
0.1672781624
0.1417683189
0.1542953525
0.245198519
0.1866736424
0.1510187413
0.1912367844
0.1733024823
0.1417223988
0.4087437171
0.1442203794
0.1553545741
0.2255956407
0.175166582
0.1645720111
0.1459875939
0.1912707008
0.1896582937
0.1517695449
0.2019353598
0.1734148921
0.1656830122
0.1090740183
0.1418273764
0.1424955377
0.2450533455
0.1300651677
0.2485703841
0.1297910123
0.2554670544
0.1716634628
0.2055576536
0.1529486833
0.1473233453
0.2162673384
0.0988507792
0.1154624343
0.1435647129
0.1371709199
0.105415096
0.1567015866
0.1943377405
0.117957147
0.0960335818
0.1905736145
0.1384446111
0.1849367935
0.2319736644
0.2134171305
0.1817571212
0.3730000514
0.1185674936
0.2641278883
0.269991707
0.1830767453
0.1520451211
0.1452816041
0.1690081068
0.1935859127
0.1734038366
0.1802798553
0.2105834625
0.1604170666
0.1943467624
0.2272955086
0.2103501179
0.25883408
0.2619768225
0.1949658176
0.2472672765
0.217866807
0.1620792953
0.1118104888
0.1721392572
0.2070246157
0.1206017578
0.1572240178
0.2688945932
0.216948089
0.1474621466
0.1156168924
0.1399420592
0.2052788739
0.093203694
0.2060650416
0.3379615414
0.1681427049
0.1564732664
0.1817417227
0.1096062931
0.1208703451
0.2411961286
0.2246639803
0.159491398
0.1492084252
0.1885410789
0.1278090982
0.1557593184
0.1980141717
0.1402457169
0.1752567441
0.1759572564
0.1867054694
0.2586127984
0.2367908114
0.224264268
0.1008957864
0.1226142849
0.1418953193
0.1532277686
0.170586168
0.1059840128
0.2417109996
0.2158024541
0.364253694
0.1666105183
0.175984802
0.2265087594
0.1834156446
0.1454363825
0.0996809568
0.1200207704
0.1755649929
0.2448072706
0.1776379744
0.3082052422
0.1755147584
0.1734412714
0.1222985571
0.1834515537
0.1293314441
0.113726999
0.1626180994
0.162469933
0.1656251821
0.0964717517
0.1431106803
0.1311509291
0.1479162752
0.1102326457
0.1197036393
0.1890511422
0.2054756458
0.2487345592
0.1599196059
0.1710850449
0.1898088483
0.1958658559
0.1904832997
0.2135101287
0.1966715097
0.2094887397
0.0978048949
0.1164965853
0.2118226547
0.2396100139
0.2503096645
0.180011467
0.1464275423
0.3833116231
0.2537647252
0.1684455847
0.1453070895
0.1559132544
0.1436769528
0.2378522794
0.1221653901
0.1302261543
0.1762493288
0.1449514982
0.3946282725
0.1325778901
0.1376313189
0.2302627538
0.1815339129
0.2126810296
0.2803263782
0.1214952801
0.1722834433
0.3128320998
0.1842101758
0.1320984952
0.1583178453
0.2029827965
0.1137083752
0.2156578648
0.1625812753
0.3385153155
0.3723907239
0.1472885992
0.1855932828
0.2305149733
0.2771459948
0.2914080794
0.1660710969
0.1446003382
0.0976288116
0.2073389543
0.1803390955
0.172612487
0.1574079699
0.1632231418
0.2669010938
0.280878971
0.1828214002
0.1465337163
0.1750941163
0.1292119368
0.0951695919
0.1514538477
0.1737273294
0.1689635343
0.1743325996
0.0993250264
0.3276666754
0.2170186108
0.1221184451
0.1073961137
0.1828321074
0.3664886751
0.2092298427
0.1514377556
0.1892556536
0.2438324473
0.1671743522
0.2234943322
0.1350618236
0.1925576249
0.155435428
0.0995802371
0.1746144605
0.1330047025
0.1575242769
0.1187752159
0.2032277498
0.1657335984
0.166755756
0.2652700541
0.0708791716
0.2093843123
0.088034694
0.1834727006
0.2463472764
0.2280663999
0.2425314229
0.1562381389
0.2161879859
0.2348974263
0.1412863514
0.1314631635
0.1565615538
0.2392554031
0.1657262748
0.1674167091
0.1427233349
0.2022424844
0.1428212146
0.1305147176
0.2423916791
0.2356573047
0.1803895411
0.1796629185
0.2909134239
0.1687575424
0.1380093187
0.2465795874
0.1241254896
0.1862002978
0.1455647667
0.1492737385
0.1217271656
0.121143696
0.2889918503
0.1776181032
0.2186265571
0.2081224664
0.10740372
0.1911648141
0.152698726
0.1438022948
0.1644748254
0.0995184515
0.2870167596
0.1682918159
0.2037335486
0.2002589801
0.208017908
0.1033563191
0.1249795604
0.2502721241
0.0936845111
0.1755886265
0.2407869307
0.1632768974
0.151889336
0.2575620439
0.2289907633
0.2778401644
0.1119777075
0.1214009137
0.1441116169
0.1232433116
0.2332574565
0.1432452115
0.2462540672
0.1423194061
0.1655485371
0.2623482156
0.2704910313
0.2583355458
0.2304324579
0.2139420084
0.0949971403
0.1130310576
0.1519068442
0.3741906225
0.1067363799
0.1887788551
0.1477084212
0.2296571263
0.1815109218
0.2821339195
0.1137463566
0.1593704254
0.1579852949
0.1670857142
0.0839963034
0.1610036579
0.1790671027
0.2044201054
0.2123391724
0.199464136
0.1918059088
0.2438349146
0.2060818274
0.1033853516
2.0223e-06
0.1216922028
0.2065953927
0.090246671
0.3504985442
0.2133131058
0.1064689339
0.117751962
0.1962708118
0.2131112195
0.2663310356
0.1316163188
0.1421486878
0.2162454192
0.1415438702
0.2368054092