0.2033651866
0.1909612444
0.2578583295
0.4091956097
0.289241774
0.2913074395
0.1726467398
0.5115998326
0.1522657272
0.2507504657
0.1902962838
0.1636123528
0.2440408854
0.1488858135
0.1685338055
0.2787564154
0.2650811834
0.2433393775
0.276189463
0.2416003316
0.1943460203
0.4254817467
0.2711049825
0.2320241838
0.4427048807
0.1875880503
0.1728314666
0.377030649
0.4194917977
0.1869232868
0.2118557056
0.2858039081
0.2872125399
0.1435209105
0.3702778035
0.8537836808
0.1886092914
0.2737585469
0.1287468592
0.3527848517
0.23248408
0.1640693621
0.242289144
0.2587314175
0.4095336043
0.2911190022
0.4805335308
0.328677297
0.3836502833
0.271356262
0.4852440103
0.1818113395
0.1808428568
0.4360081387
0.2638681087
0.2548729257
0.2321884603
0.2564361694
0.245705665
0.1400271982
0.2456282814
0.3806730826
0.2705979914
0.3009295639
0.1836974924
0.247491176
0.2982455758
0.3017376218
0.2741526385
0.1249614492
0.1261252905
0.1593310847
0.2042210965
0.3312111828
0.2449806477
0.218397654
0.1245471213
0.1772380531
0.1969624207
0.1578516888
0.1822346597
0.4315659651
0.3151857132
0.1677150194
0.3048410178
0.2414088108
0.0927003935
0.2112079651
0.1544100408
0.2546447122
0.1823990662
0.2825082241
0.1510316154
0.2774515988
0.297029672
0.1702395788
0.1928938957
0.1668922076
1.1920330872
0.301591159
0.4001836482
0.3199082779
0.4680683161
0.2999506806
0.2244894975
0.2209176222
0.2744118455
0.2178932715
0.2578241326
0.3471438544
0.0998128755
0.1456513571
1.1540470289
0.1930785245
0.3713748397
0.1983305633
0.1829181623
0.3090471918
0.1697916535
0.3421492309
0.2096667233
0.1982076775
0.386600271
0.2108034013
1.1438491509
0.2676402878
0.2390536461
0.2009805352
0.4379037721
0.1992042199
0.2985692491
0.2107906472
0.2055591799
0.1412334915
0.2463851942
0.2654659301
0.2946683617
0.2157614579
0.2099883274
0.3268919111
0.2602045961
0.1831647346
0.3086811572
0.241725772
0.2161842173
0.1423702367
0.2252931216
0.3265861927
0.1423775841
0.3582124537
0.2555774889
0.2102045688
0.2991340607
0.2865984846
0.2096003889
0.3104225438
0.4379146217
0.1480827942
0.2682140359
0.2212937083
0.1644163445
1.472894433
0.152646767
0.1840025396
0.2259264784
0.2500051276
0.1558197123
0.3472071198
0.2213346523
0.2648591012
0.2182555588
0.246095514
0.1399370405
0.3256379849
0.2352604192
0.2310915666
0.1157145201
0.1260137502
0.259684565
0.2778183898
0.2535685229
0.1846440069
0.3908414769
0.1783161892
0.2252746857
0.2635954452
0.2277152443
0.2401094853
0.158749373
0.3485931151
0.153733587
0.3588532877
0.1955590881
0.2201882217
0.3234765455
0.2172394322
0.2051714643
0.2291403188
0.2320038671
0.2647544335
0.1893520867
0.2432817173
0.1777300664
0.2280081395
0.2717501177
0.2086311926
0.201464672
0.3688946514
0.1581015784
0.1537995123
0.1962762051
0.2956613596
0.9069033876
0.2072742346
0.2257232317
0.3260054342
0.1441215244
0.547972383
0.2365661684
0.1580299528
0.1294870074
0.2948066829
0.1704727447
0.1470630844
0.2589833287
0.1539023251
0.1678509597
0.2294782287
0.203483646
0.1973712413
0.3034797911
0.2390446836
0.1687535241
0.2004083839
0.1858888413
0.3270564039
0.2402000639
0.2031477729
0.4100717664
0.297567484
0.1855297807
0.4043047605
0.2906108612
0.3047216194
0.1699001488
0.1905653945
0.2446632404
0.219415521
0.187846693
0.2585623186
0.227291276
0.1275985678
0.2471590928
0.2231358722
0.0938359568
0.4119264608
0.2290906813
0.3640826994
0.149634434
0.174820809
0.2222635792
0.1989416152
0.1653081863
0.2564081582
0.2784762124
0.217832505
0.2560271052
0.2132077225
0.3834535678
0.3754812786
0.2376403924
0.1481965866
0.2272119596
0.2580898567
0.1576223872
0.2996700235
0.2837748108
0.1717712672
0.2643720286
0.2139780776
0.2341709636
0.3088274264
0.1893352925
0.4019748801
0.1735485603
0.2932238044
0.2283218624
0.1836761861
0.2025447787
0.2779192195
0.3479476761
0.1398384379
0.2591869448
0.2116958092
0.1721536654
0.1706475355
0.2336714575
0.2131060819
0.3849015569
0.2177867183
0.2642548067
0.3022455315
0.2343774278
0.1889401353
0.293558647
0.1843853423
0.1813632917
0.1399955386
0.3165563693
0.3032927058
0.3552790882
0.2092328922
0.2532636304
0.1191579803
0.2652880466
0.2227570015
0.2367493737
0.1621121938
0.2424306901
0.1936012425
0.1621775689
0.2154184298
0.1959537084
0.1340961441
0.2058052984
0.2541303244
0.2893218185
0.1368748097
0.2225454935
1.6820900629
0.3505800046
0.179891419
0.176913836
0.2876686533
0.2058881376
0.1724876004
0.4199888528
0.1749922117
0.1615066834
0.2105392295
0.2108681109
0.309890018
0.1850023824
0.2113908332
0.2290510316
0.2182145512
0.2148173476
0.3408735579
0.2115352401
0.2643626853
0.1619072427
0.2677078337
0.3475270311
0.1495108184
0.3692838301
0.2386878323
0.1594495441
0.3056282907
0.2491343759
0.2371735282
0.2575592843
0.2387725296
0.244000648
0.1756966656
0.2313018047
0.2255567752
0.3112434908
0.1908065197
0.3790636877
0.3985347937
0.168413748
0.1965371667
0.2072030507
0.2675527831
0.1362935072
0.3423037685
0.1481125517
0.4556058897
0.1574582028
0.3167231939
0.3119299636
0.1737763524
0.2306210082
0.3207291223
0.1681586632
0.2162684592
0.167596779
0.2124860503
0.2403917136
0.2284515325
0.4103871131
0.1577074701
0.1825158936
0.1792071022
0.2936128543
0.2137629079
0.5032419564
0.1986032325
0.186365253
0.2062058387
0.1981323422
0.2552965292
0.2696243219
0.2387214833
0.3151685212
0.1240557848
0.2292405081
0.243414205
0.1488656607
0.2131732122
0.2865877865
0.1892036972
0.2509419737
0.2184472394
0.3017460828
0.1077045958
0.1362197622
0.2367189557
0.1758350983
0.1804001405
0.260528572
0.1368230954
0.3359929883
0.149705401
0.1371235327
0.2263177788
0.1935342229
0.1931444673
0.1994913417
0.2418941765
0.2437430948
0.1369998578
0.3667670123
0.2102005476
0.7856287159
0.1937031018
0.1422243595
0.1519443548
0.2843980103
0.2154452026
0.2397526155
0.2731533875
0.2949238334
0.3037061321
0.3721114302
0.175921077
0.202860366
0.2072214272
0.1455898263
0.42267461
0.2318732004
0.3184941296
0.2606844462
0.1986578841
1.3340867277
0.2022083546
1.4761216194
0.1543244257
0.3046370987
0.1898847576
0.2801732702
0.1890104337
0.1955219754
0.1903011022
0.4385537333
0.2041838383
0.2775435556
0.2233590622
0.1121083228
0.2299067042
0.2230814204
0.1329070606
0.2649503231
0.1679676155
0.3835634861
0.2792741863
0.4514332787
0.1823657983
0.2626500325
0.2015498614
0.2657117846
0.3082659575
0.2096902424
0.1830759607
0.1095068664
0.281082265
0.1868603537
0.3094372697
0.2831444652
0.1332415364
0.2129050792
0.2915131144
0.2211508402
0.2590762477
0.2206797189
0.225243578
0.2493013004
0.1880952622
0.1527649671
0.1633727446
0.2478289364
0.2294282192
0.3110686289
0.0977489326
0.21645109
0.1629952162
0.3544579401
0.1128373709
0.2190489448
0.2052516387
0.2895999034
0.3535228377
0.1097817621
0.2523481663
0.1867609271
0.2834131339
0.241085735
0.1977394127
0.2905049909
0.3293053071
0.2460828242
0.206261247
0.2288038349
0.1834787359
0.2857924752
0.3191639315
0.1888980672
0.2242625021
0.6516042777
0.3368204197
0.1558877988
0.2182900966
0.1616944031
0.2011005961
0.2250420192
0.3095883361
0.1802858797
0.2311392483
0.2312338721
0.1487255839
0.1316653219
0.3046528846
0.226623013
0.2351426143
0.1681555648
0.1907870365
0.223787571
0.1509743368
0.2241970525
0.1971573884
0.4792167364
0.3559096329
0.2370148727
0.217899128
0.176875626
0.2988038766
0.4184027897
0.3152256322
0.1558339466
1.3571921326
0.2997065379
0.1162911978
0.2544994987
0.1867024899
0.2656075419
0.2500828905
0.1354772547
0.1806457242
0.1368230897
0.1955776778
0.1767645762
0.1920619499
0.1571621058
0.1762923279
0.2091155051
0.1596193068
0.3174024067
0.3053368711
0.1129086652
0.3626300482
0.2266958414
0.1862346666
0.1675121723
0.2661916479
0.3980160418
0.2054398338
0.2609222602
0.1645471114
0.1496872532
0.1978000341
0.2527856207
0.22637563
0.1468233813
0.1734567832
0.267247813
0.2067364409
0.2645072023
0.1892128851
0.248598268
0.2198783871
0.3667501095
0.2785358635
0.1792892532
0.1977958912
0.1799759265
1.2869584612
0.2419903934
0.1656392337
0.1708079544
0.164569227
0.1550878845
0.2286132598
0.6056347741
0.1801899295
0.1831790359
0.2978538451
0.2197129948
0.4459096251
0.1745619503
0.2452129435
0.1794021892
0.1771923747
0.2255269486
0.2183486955
0.1985225022
0.2163348091
0.2487237835
0.1895467219
0.2732255993
0.1565151338
0.2255694115
0.1015882164
0.1760101381
0.230562763
0.2732794482
0.2890395235
0.1955862546
0.4528199203
0.3164295982
0.1635391264
0.2439995224
0.1890173601
0.2391066507
0.2075939217
0.290313498
0.1984775795
0.2745626516
0.3205661325
0.1976533139
0.2593343522
0.1914404142
0.3173636474
0.1253769142
0.3607634571
0.1743832002
0.2153883388
0.2193866561
0.2336932595
0.2307518196
0.2556471633
0.1892194871
0.256954217
0.1553193147
0.1787359063
0.1525897732
0.1524392772
0.183062343
0.2997289939
0.1668596943
0.1680607035
0.2560567969
0.2205309099
0.1204582329
0.18340599
0.2932599463
0.1506691642
0.2610158983
0.2815664018
0.2191800283
0.1782207543
0.275483004
0.1988749443
0.2314011593
0.2975737248
0.1816635158
0.2439701947
0.3022448692
0.1937884975
0.2852585137
0.2576655021
0.150132523
0.2155615365
0.170976595
0.1966162502
0.2818957371
0.2476883022
0.4241813925
0.2496572025
0.1685263375
0.2446624095
0.1426647174
0.2308086667
0.2999706889
0.226060422
0.1946031305
0.1888343915
0.447542976
0.160388419
0.1592582524
0.1818007781
0.343417274
0.1572881069
0.2429942357
0.2218850553
0.277537213
0.2818177505
0.2037502256
0.1599389742
0.169003477
0.2218649212
0.1014422202
0.1413564071
0.2174411261
0.1350481465
0.1533884208
0.1825353272
0.3083958427
0.1688809012
0.1789565128
0.3063458659
0.1532906539
0.2838464467
0.1958500543
0.2410036663
0.1527787304
0.1165022035
0.2902098581
0.1524569176
0.2843980269
0.1631231807
0.2585702704
0.1726542618
0.1482468231
0.2349937137
0.3827220837
0.2286243041
0.2323572662
0.8236356397
0.2618857759
0.2784866672
0.2325347457
0.1937870351
0.189572626
0.6314621174
0.1961396958
0.3418489542
0.2152438177
0.278109003
0.3614584516
0.2233837786
0.1306222688
0.190316648
0.2070751851
0.1472927178
0.4011002413
0.21217273
0.1128457156
0.2011961395
0.4229522931
0.1566133679
0.2462559492
0.163661241
0.1812963658
0.1879712269
0.2061953917
0.2016329611
0.382594407
0.2537482139
0.2487488579
0.2083554694
0.2751019445
0.2727697577
0.1855532475
0.2206122369
0.1372771271
0.2724297319
0.1961992472
0.2777169714
0.2529449488
0.2375211057
0.1867076684
0.3047597386
0.1939632599
0.2887127016
0.1901185922
0.2293587186
0.1671969703
0.2015875879
0.1614391135
0.2911362594
0.3341519589
0.3194807965
0.3277846666
0.1920044593
0.1985897735
0.2105625146
0.3724352424
0.1980195426
0.187961188
0.3211205425
0.1534837979
0.1832144537
0.3564093358
0.2082214234
0.2325045562
0.2248895443
0.2710967198
0.1845441735
0.2392877361
0.2225938408
0.1527049308
0.1810473464
0.1873392006
0.2424582025
1.5802107036
0.1387647733
0.1785597318
0.5075339855
0.2902293249
0.2306452434
0.1908644116
0.196562515
0.244301152
0.1842314255
0.1718386718
0.1935205151
0.1514820648
0.1867847037
1.7747081107
0.2303008585
0.2484061296
0.3331378439
0.267173768
0.2273291647
0.2371426281
0.2450742016
0.2038807267
0.1516796883
0.1949629538
0.1455588939
0.1931703328
0.1683036928
0.3117724782
0.3720580192
0.2090881565
0.2108060111
0.3383328128
0.3998973487
0.2433271933
0.289728276
0.2924028332
0.2377705807
0.157275253
0.3397532631
0.2744954314
0.1887063025
0.8844554262
0.1932182772
0.1848362906
0.2094424913
0.2363802134
0.1635522074
0.1742980108
0.4514790607
0.1444308872
0.4322826089
0.1820719158
0.1623088842
0.1906679386
0.2227280019
0.2720500653
0.1990650272
0.2424703211
0.2620827648
0.1922887727
0.2048156132
0.2282643617
0.1859918477
0.2312638371
0.2870556632
0.2537732295
0.1602903331
0.8995895553
2.1784882164
0.1516139849
0.2830980358
0.2352328132
0.1437405458
0.1460649865
0.2274536622
0.1346777837
0.1497439007
0.180004153
0.1861304956
0.2466758095
0.3521143685
0.2152900943
0.2626533572
0.2412644269
0.2939321656
0.204691077
0.2247592878
1.1541139779
0.1289121216
0.181542545
0.1530862323
0.1297773604
0.0993679876
0.1930748231
0.5005859344
4.7986267432
0.1682996383
0.1892352479
0.2405101699
0.2257779517
0.2645132831
0.1788640082
0.1763774303
0.2582891137
0.2192035639
0.2280087729
0.1528933435
0.2134677886
0.1933880708
0.3536240568
0.3696995802
0.2157493032
0.1668489445
0.2205495261
0.2440567503
0.2643363891
0.3379924027
0.2330063784
0.3503171075
0.2235172922
0.2398859797
0.2090130266
0.1925600164
0.1986316448
0.2486650058
0.1326071964
0.2273660814
0.3408908177
0.1872075556
0.2324541879
0.2086594958
0.2119846634
0.2341294271
0.2407064567
0.2053702202
0.2109015792
0.1627145388
0.1575691154
0.2047044721
0.2946376945
0.2856443068
0.4529215506
0.2726451809
0.3917900151
0.1830026138
0.2218233539
0.2736585389
0.2000396245
0.1881375001
0.2552628079
0.483699559
0.255322586
0.2125396391
0.1450241613
0.1917174624
0.2047459592
0.2868221956
0.1690015639
0.1466243905
0.218720249
0.160656735
0.3756984261
0.3236612192
0.2086962122
0.2188735187
0.2085646758
0.2338558506
0.1975049804
0.2713884386
0.150086503
0.1728081102
0.3621598316
0.1739797542
0.2463307053
0.2605838831
0.1984539831
1.8519074187
0.1773716482
0.5119493847
0.4052434985
0.2230966717
0.1855287797
0.2784933829
0.312462102
0.3015406906
0.2197815735
0.1408962401
0.2666822132
0.1551298595
0.401187207
0.1716580729
0.2000052736
0.205570415
0.1947343715
0.4205525359
0.1820426085
0.1974803566
0.2052946175
0.2148193245
0.1751697835
0.1822940817
0.2902012955
0.2231238541
0.3096040421
0.1785070119
0.1073715607
0.1586821081
0.2204754267
0.3561190011
0.2525221169
0.2888498269
0.2682430964
0.1619629503
0.282369916
0.1680988361
0.2831412669
0.1465979189
0.2446175439
0.3033900667
0.349957625
1.1969949454
0.3060379046
0.2419467782
0.279432827
0.3371904938
0.3744499901
0.4151856934
0.2513329829
0.2852882319
0.1695789107
0.3222178647
0.1791736739
0.2854356032
0.2152015279
0.3751365256
0.3118920172
0.1418524752
0.3061239176
0.2154236901
0.1922319092
0.239533365
0.3033624264
0.2106623453
0.3709287546
0.2108574798
0.2331768815
0.1945056762
0.2197739235
0.2842878893
0.2970061065
0.2268502229
0.2308152578
0.2601443926
0.1672630278
0.097023376
0.214633025
0.1900997604
0.1775308364
0.1700417138
0.1175859414
0.2678434804
0.117998202
0.1977380059
1.4158967678
0.3723617186
0.3128951043
0.2618100712
0.1669231825
0.364466035
0.2909477579
0.4035009173
0.1850804394
0.2545627292
0.1825118163
0.1649810536
0.2952530951
0.2770015988
0.1877270366
0.2278320072
0.2012917641
0.2352288279
0.2799396466
0.2204464932
0.2240120118
0.2374049132
0.306820429
0.5127292403
0.2116691628
0.1982426244
0.2836532403
0.1100102865
0.4036568311
0.9310718865
0.1972748869
0.1971448627
0.2479508617
0.2390859294
0.3408854767
0.2866318119
0.1603573125
0.1683068384
0.2883636867
0.2892079653
0.149880081
0.2205685833
0.3160115545
0.3072553913
0.1934799381
0.2250147777
0.4250067194
0.2427563191
0.2273075059
0.2765837563
0.1907545047
0.2334966847
0.2332834815
0.2133061868
0.1717243744
0.2763014824
0.2262365077
0.3053641552
0.2954556084
0.1849590352
0.1559398987
0.139819815
0.2721516565
0.1877192966
0.1640370694
0.3450976467
0.2617220726
0.1738713132
0.131351651
0.1853467954
0.2538137649
0.1330512958
0.3761850513
0.1833001029
0.251269889
0.0822660433
0.201343175
0.3367757948
0.1022961061
0.3332158616
0.2099908335
0.3456682362
0.1396047174
0.1925376453
0.1830431158
0.1399777465
0.2081856064
0.200407508
1.5754651794
0.2324560634
0.8130051439
0.3221031716
0.3027159217
0.2330723735
0.1788937626
0.2122004807
0.279492309
0.2443776087
0.2829977421
0.3076061121
0.279729748
0.150663685
0.220208831
0.1936076371
0.2402749991
0.2729894115
0.1811468144
0.3140263482
0.2843744814
0.2071090703
0.2975197973
0.1629991705
0.1466220485
0.3460908985
0.2901469205
0.1937331165
0.239610345
0.1683214603
0.277183017
0.2693012224
0.2073460882
0.177570033
0.1802477558
0.1346529144
0.2018074549
0.1418917876
0.177350954
0.4023435274
0.2011702986
0.2166300116
0.215869586
0.1935192694
0.1541709006
0.1730221364
0.213841848
0.3303542332
0.325618507
0.1942288859
0.2463228927
0.1739168899
0.2168956039
0.1922405468
0.3889814259
0.2303592594
0.1653844529
0.3034827148
0.1916673857
0.2463883235
0.1390949036
0.2518349592
0.3986530061
0.2703561761
0.1895240234
0.2031012822
0.468403103
0.2662880007
0.1784158043
0.3074441278
0.1622012892
0.3494200589
0.1865732298
0.2697008805
0.3257880703
0.3511324202