0.1641671824
0.0460028744
0.0766720137
0.1008875959
0.1153871722
0.1761781162
0.071069871
0.1127741757
0.0374253245
0.0644237337
0.0511252553
0.0890309983
0.1499252862
0.1102286324
0.1554970282
0.0723627852
0.2061854299
0.0737335176
0.1719696755
0.1035575812
0.1042941766
0.1025238011
0.083904561
0.1146915173
0.0939509312
0.0998867875
0.0929692382
0.0542017766
0.0824657666
0.0629472252
0.1249151236
0.1028672687
0.1523033871
0.1212726397
0.0948005422
0.0748052824
0.0756848188
0.1167944151
0.068946347
0.0807934891
0.0699996647
0.0871334404
0.0961184567
0.1429160198
0.0914547458
0.0939267169
0.1105725153
0.0817265584
0.0848218616
0.060173293
0.0469133757
0.1139111762
0.070996655
0.0663932837
0.0885018868
0.0911895589
0.0651267348
0.0690544635
0.0814170209
0.0846984181
0.0919001183
0.0758151806
0.0587845278
0.0775264579
0.1705671351
0.1409460682
0.0305708897
0.1890807087
0.0438082608
0.0761025203
0.4435744635
0.2067263105
0.0891055303
0.0855113596
0.0729840604
0.055195149
0.0656661656
0.1399607076
0.1094598278
0.1645442384
0.1507846269
0.1392417807
0.0584500147
0.1085958449
0.0429423752
0.1103903768
0.0753812333
0.0791632728
0.0835189264
0.0946221029
0.0523332076
0.0418246112
0.0670862479
0.085636662
0.072914231
0.11149814
0.0508744081
0.0960375417
0.1482905971
0.0479761306
0.107753071
0.0865891698
0.0806121985
0.133757498
0.122934525
0.1223626945
0.0589731175
0.0998269786
0.0778557137
0.0760541488
0.0696655702
0.1177573766
0.0592432808
0.1454888657
0.0675297585
0.1730038251
0.1640892615
0.0712527804
0.084443075
0.0743723549
0.0848723656
0.0625549222
0.0781529798
0.3598568178
0.075354732
0.098876717
0.084314898
0.078419198
0.084704419
0.1207591696
0.1239333815
0.0520142515
0.0445688069
0.0797929413
0.0464450671
0.0492424996
0.0967185958
0.1106335843
0.0944512156
0.1304668747
0.1052084041
0.0718377731
0.096512891
0.0683975087
0.1163456298
0.078865093
0.1450154246
0.0566980881
0.0782245854
0.0555695088
0.1090692837
0.0717098943
0.0796977875
0.041245785
0.0893647941
0.0979470246
0.0772052378
0.087771151
0.0759872862
0.0725667867
0.0670558498
0.1341797876
0.0730260746
0.1369917604
0.0852787372
0.1044483335
0.1404572963
0.0658284561
0.0825034552
0.0673027062
0.0479711375
0.0997703159
0.0777038027
0.0983095788
0.068363843
0.1242004132
0.1367678603
0.0691867956
0.0582610356
0.1332410386
0.0429320336
0.096820736
0.1265190847
0.0998659641
0.0612460932
0.0664485868
0.1570654622
0.1023424571
0.1493816301
0.0467223004
0.1120453299
0.0394051195
0.1892182087
0.0851691912
0.0889805759
0.0411448694
0.0726517213
0.0725336377
0.0591682623
0.0788046251
0.1194292893
0.0674660614
0.073912198
0.1260801446
0.089336492
0.0800191451
0.1303592291
0.0640808374
0.1001255076
0.0752435358
0.0758232803
0.0740331856
0.1218139978
0.1032338451
0.0626719819
0.1607727705
0.1203093967
0.1015861133
0.0871078289
0.1456197317
0.0955699686
0.0835738062
0.0521997484
0.0418900736
0.0562700858
0.0772102958
0.0903919163
0.0761038343
0.0870200513
0.0966540651
0.1011859091
0.0607020713
0.0556367454
0.0915728136
0.0873633995
0.0855694773
0.0401931683
0.1008888699
0.0910305485
0.1400960865
0.1348408221
0.074007164
0.0865684816
0.1097559668
0.0422001033
0.1507378146
0.0485736365
0.0790177219
0.0662414741
0.1005522872
0.1129056592
0.1107273799
0.2496695248
0.0571138349
0.0683703291
0.1395183916
0.1051064196
0.0832915487
0.0398261079