0.1393262606
0.1138567614
0.1856954159
0.1721601704
0.2561030167
0.1941086387
0.1624240469
0.1309740841
0.1930546721
0.1145537174
0.1824964792
0.132797874
0.1175054552
0.3098668614
0.1954166713
0.0947701604
0.1388935786
0.1769379768
0.1356148266
0.163485444
0.2026085254
0.2256305409
0.1721216854
0.2203182321
0.1634607209
0.119985745
0.1596282489
0.2316858283
0.1219218834
0.1254405784
0.2109207036
0.1258461058
0.1221127922
0.0855118984
0.1857667036
0.1611110496
0.1882771711
0.2303217466
0.1751179233
0.1949963475
0.1435632914
0.2175005517
0.1317783981
0.2143513834
0.1778932134
0.1266918683
0.2235681103
0.1726434603
0.1289986754
0.2055947873
0.1152159466
0.1988927101
0.1296468093
0.1035539904
0.2446786001
0.1647604746
0.275951469
0.223376249
0.1227272018
0.0528179063
0.1314258074
0.376159553
0.0861256383
0.1415585625
0.1731704756
0.2496542373
0.1249672533
0.1867319221
0.1201594749
0.2094064104
0.1042304584
0.1335200539
0.1460916211
0.1637115019
0.1008835151
0.1488564059
0.1634395214
0.178606269
0.1328758468
0.0931294271
0.1252705427
0.1740033784
0.1798474494
0.1070705078
0.1362932199
0.1600541801
0.1311316019
0.190306467
0.2282763148
0.1281870773
0.1350960163
0.2126530452
0.2161907749
0.1041549428
0.2897477198
0.1274184077
0.1374911269
0.112137903
0.3668240526
0.2170649653
0.1456155286
0.2253134745
0.1674714722
0.1799472859
0.0749216515
0.2386053584
0.1228337044
0.1495387328
0.1591125252
0.1566941879
0.1369829725
0.149167893
0.1200226754
0.1564515113
0.1259809335
0.2229676738
0.1453901065
0.130317685
0.2353175639
0.1271026654
0.2333655074
0.2374189422
0.1285192867
0.1374257375
0.2110782046
0.2138822082
0.1206762363
0.1300111948
0.1167424754
0.1390754347
0.1263992357
0.1358232102
0.1323498179
0.2173631895
0.1785575848
0.1367278234
0.203628061
0.1046305164
0.1098009453
0.2445951293
0.2472501761
0.2219015301
0.0876759412
0.1183304923
0.1420702125
0.1319885153
0.2203569284
0.179102375
0.2641302924
0.1590987312
0.2606915336
0.1865324614
0.1865575596
0.1276601689
0.1427741722
0.1475376769
0.1355564253
0.208457427
0.1892826465
0.1507076308
0.2504503347
0.1915234331
0.1527880148
0.129532428
0.1766981346
0.1843558284
0.1283391421
0.1606468113
0.2209149482
0.1559376648
0.1611287544
0.1261072353
0.1314897701
0.1230876873
0.2448952696
0.1333517747
0.1552421583
0.1926021524
0.2140529198
0.0924275712
0.1464987345
0.1667479819
0.0998876118
0.1623583284
0.1604899182
0.203769047
0.1266438534
0.1419809629
0.1341784858
0.2531341126
0.1980164072
0.1933704174
0.3486371297
0.1258261803
0.1503219564
0.0865003486
0.1932242705
0.1326969459
0.1513319968
0.1732848204
0.2441473459
0.1683144193
0.1898012404
0.1774456122
0.2441423906
0.1568626291
0.1045594558
0.1167905288
0.1318990389
0.1955837082
0.1254048524
0.2603704732
0.1694838478
0.0943412165
0.1023650253
0.1986917558
0.1278209884
0.1256731224
0.1838530677
0.1772140087
0.1457527147
0.0982987207
0.1464261499
0.1609773822
0.0998723756
0.1276741269
0.0945262934
0.1288269786
0.2387607822
0.1311339831
0.1326202266
0.1269985568
0.1441674248
0.1262530367
0.1502935709
0.3119542414
0.1934541872
0.1427777978
0.1304604755
0.1835479022
0.1764234343
0.1315544713
0.1334044569
0.2201560364
0.1218713909
0.0823959381
0.140398054
0.1282555513
0.3065905059
0.1246475417
0.171010434
0.1569158726
0.2089374707
0.1633539793
0.0887999669
0.0935011951
0.18252323
0.1190838451
0.2060751372
0.1805062956
0.1428959834
0.0967584267
0.1335915961
0.1090932226
0.3138746844
0.0640472631
0.1427825766
0.151049209
0.1685023762
0.1961582996
0.1534730034
0.1730344173
0.1546425712
0.1426959261
0.1816578747
0.1425834731
0.1616926963
0.1375116523
0.1117672359
0.1504244553
0.1579017192
0.1368704038
0.0980784571
0.1732087748
0.1899432502
0.183173815
0.1399862106
0.1711449456
0.133574695
0.1510524708
0.0895097843
0.1614331652
0.2009950214
0.1595101303
0.1867439036
0.1294939125
0.181176272
0.1359723056
0.0907401106
0.184800433
0.2050185662
0.1454003618
0.1740102287
0.2147133616
0.1853560607
0.1862021258
0.1709632272
0.1345576509
0.1376154177
0.193414562
0.2055706992
0.2090091492
0.1369637211
0.1622952494
0.0918909346
0.2096766664
0.1409407411
0.132946931
0.0864459136
0.1459059764
0.1471961229
0.1827713793
0.1958779931
0.1720587245
0.1560674688
0.3557075542
0.114029648
0.142624752
0.1383150234
0.1460488769
0.1794575502
0.2418493584
0.2560268003
0.1426554385
0.291172467
0.1126806789
0.1095060262
0.1551100768
0.1154432268
0.159643385
0.1206083338
0.136938034
0.2666685054
0.1712387793
0.1086468322
0.2028994979
0.1517695726
0.100022408
0.1453095656
0.2032633145
0.125448294
0.2286285283
0.0997355137
0.1529572106
0.1210647901
0.158924901
0.2517041926
0.1519687601
0.1966599273
0.1607165524
0.1267324473
0.1133519922
0.1652311528
0.1190124083
0.1733598388
0.2118737738
0.1863722016
0.1090832242
0.1639245296
0.1839135671
0.140660431
0.2006304796
0.1816124904
0.182155282
0.0994943907
0.1075263072
0.1552775112
0.1525829528
0.1328989028
0.2632922239
0.197458844
0.1012152108
0.2296511799
0.147459189
0.1471968118
0.1954016709
0.2528458448
0.1707841418
0.1700544346
0.2109346038
0.232723502
0.1436850899
0.1309710793
0.236490951
0.1217010892
0.1590361299
0.2025982806
0.1079857509
0.2329452586
0.1092196786
0.1603480279
0.3058486662
0.1128382413
0.1667326051
0.2055484617
0.1029028572
0.1758439706
0.1743907232
0.1607724528
0.1873330614
0.3141221005
0.1171670399
0.1262476749
0.151937534
0.1967227343
0.1668809775
0.2210004204
0.1168152473
0.1179263404
0.1405127725
0.2107879376
0.0979302803
0.1272770622
0.2240561771
0.1068367249
0.3071475638
0.1510628717
0.2364264401
0.1488812979
0.157842295
0.1354048536
0.1561324965
0.2250467201
0.1106279308
0.1003104366
0.1471846242
0.1769467263
0.2294326865
0.1124094285
0.1437258283
0.1428634774
0.1692781915
0.1210945474
0.1140984886
0.0864351782
0.1228947637
0.0864924124
0.1334987576
0.1921108913
0.0951913109
0.147472539
0.1665571875
0.2246879971
0.1614442807
0.1253325574
0.1939848044
0.1694417478
0.106643078
0.1058081061
0.2250428403
0.1688714427
0.2423599145
0.1228879374
0.1723049707
0.1517177312
0.1535739759
0.1747384744
0.1572362379
0.2226118531
0.1962180319
0.1763779138
0.1490087483
0.098368159
0.2067282778
0.1549347409
0.1557408931
0.2902056209
0.1936415567
0.1741176303
0.2159895556
0.1191580496
0.189830454
0.1663644621
0.1937802922
0.1161405971
0.2147681655
0.2351405813
0.1485610667
0.1885071524
0.2970794838
0.1541581619
0.1940522708
0.1678868827
0.2028643572
0.2512787846
0.1047148232
0.1037691815
0.174829223
0.2011071121
0.146324521
0.1880740784
0.1113753236
0.1552719178
0.232993277
0.1418219828
0.1550662289
0.2515366596
0.2084034849
0.151691576
0.1277999753
0.1730302698
0.2418466572
0.1298387682
0.1630876011
0.1662233998
0.1310106352
0.174321913
0.1485046624
0.2856596155
0.2467306398
0.1257859557
0.1757571795
0.1204983482
0.2096164342
0.1134819437
0.1610302314
0.1400853004
0.1204262734
0.1388808609
0.196767309
0.2569516803
0.1478267833
0.2416224161
0.1352699805
0.1661464794
0.2541723939
0.159875545
0.1477116592
0.1656244242
0.1534151845
0.1807914399
0.2441557434
0.1280346567
0.1164607182
0.2143951056
0.2015634142
0.1251589855
0.1122309527
0.1325752433
0.2383965364
0.1552839475
0.1018642016
0.1271317822
0.1184490467
0.1672545061
0.1618676517
0.1036935064
0.1285798332
0.1002093287
0.1979381742
0.2670367168
0.1216979773
0.1541605064
0.1154431638
0.1758849572
0.1568155746
0.11720374
0.1962298562
0.2086263311
0.1029130207
0.1823317794
0.1742166161
0.098870216
0.155505851
0.1756281632
0.1472376767
0.184064479
0.1535108323
0.1332897731
0.1507569163
0.1552411021
0.274086644
0.1416247634
0.1378693891
0.1683034638
0.1024272563
0.1396238786
0.1629107161
0.2332004919
0.2141543343
0.1814259905
0.0920817923
0.1868351113
0.1831642905
0.1716142172
0.1003398518
0.2689442187
0.1864592903
0.0859585314
0.1139963215
0.1501992313
0.1529453113
0.0946453355
0.1657952662
0.1302338751
0.1599914004
0.1655929054
0.1471132168
0.1949814793
0.1458430325
0.09052365
0.2768836816
0.2812709025
0.0990346479
0.1651198213
0.2162985131
0.1709290976
0.1570117032
0.1483374651
0.0972133947
0.1390427784
0.1434615009
0.14903681
0.1272888392
0.1946861267
0.1547443107
0.2192368178
0.1796585603
0.2278868977
0.1323713258
0.1459260334
0.1734214547
0.2014661632
0.1833529233
0.1508202238
0.1552944997
0.1957067138
0.1408932318
0.1031057979
0.1642184642
0.216648214
0.1172250644
0.2180871403
0.1179349986
0.1427537199
0.3222150147
0.1096800775
0.1378169019
0.1517623121
0.1394057418
0.2384194109
0.2014706792
0.2117839165
0.0952156444
0.1957697561
0.0941241761
0.0703079908
0.1683594901
0.1349894449
0.1237895029
0.1499188029
0.1285660074
0.1400737759
0.2860671535
0.1384124966
0.151234958
0.1498360315
0.2091210494
0.2986545269
0.2659657922
0.2059695562
0.1716707264
0.2040987508
0.1838940077
0.2696561438
0.1632183647
0.1742202998
0.1560174003
0.157491884
0.1537806683
0.1440891846
0.1780725101
0.144617583
0.1789860187
0.2419389933
0.1032886952
0.1665686134
0.170488842
0.1892510142
0.200677914
0.0580047834
0.140701793
0.0923512902
0.2264760857
0.1353589549
0.1984692589
0.1681862828
0.1375092727
0.131365983
0.168744491
0.1825354712
0.1148557145
0.1744848322
0.0708274209
0.188092447
0.1589011715
0.1471877105
0.2019932424
0.1471632976
0.0925330081
0.1558818604
0.1418072429
0.2595718367
0.1398283487
0.0746297301
0.1421589962
0.1502194858
0.2190389816
0.1937451554
0.1667883839
0.1327490276
0.1130882883
0.1593905576
0.1672270313
0.1880673898
0.2631951147
0.1486799406
0.2193897689
0.2462778929
0.2294944352
0.2637930336
0.1507636476
0.1370355979
0.1685568258
0.1853143929
0.2612914088
0.181353799
0.1254249823
0.1499386159
0.1253770025
0.1393231521
0.0895529103
0.1503992149
0.1164043812
0.1611141537
0.1523476054
0.139690287
0.1665241
0.167670439
0.1483493293
0.1710351165
0.0955328083
0.1766259181
0.0958787088
0.1235523678
0.2628505904
0.131333703
0.1944972787
0.1462048731
0.1208518094
0.1744120628
0.1002056269
0.156161018
0.1180035167
0.1829328289
0.1297931273
0.14253211
0.1707990681
0.1281629362
0.0911356109
0.1220723405
0.1282849744
0.139653089
0.1284707865
0.1651944987
0.1889752506
0.1778164835
0.1463716947
0.1712360401
0.2743591226
0.1642545824
0.1504195538
0.1771936249
0.1301950616
0.1097587438
0.1754770917
0.1663367482
0.1732014922
0.1683902795
0.0832271122
0.1108678525
0.231510373
0.1140304528
0.1659696991
0.0950501414
0.2046618748
0.2433623559
0.1092301883
0.1528950976
0.24419921
0.0914773904
0.0805408597
0.1328592631
0.1101242167
0.1729285382
0.2223292206
0.1164196305
0.204864757
0.1493164475
0.2192630054
0.1650095202
0.2545312883
0.0766766165
0.1408684243
0.1035186884
0.2262287535
0.1271653187
0.1256454978
0.184142391
0.1981155512
0.2223471615
0.147891652
0.175122647
0.1612618102
0.1623988415
0.1258546338
0.1567565736
0.143664461
0.2102695008
0.1455204068
0.135220721
0.1704019475
0.2404040447
0.1806464981
0.0933172914
0.1640690301
0.0922140435
0.0819988694
0.2052158482
0.1304495786
0.1294580509
0.1161573782
0.1781867246
0.1750848043
0.1360090516
0.1215705897
0.1085399491
0.0992868921
0.1064847713
0.1594098544
0.1439133684
0.2561896697
0.2556319938
0.128012644
0.1547852478
0.1477452405
0.1488319297
0.0921452639
0.1557053484
0.2489451479
0.1694178104
0.2262059639
0.0803268412
0.1004167698
0.1545847789
0.1389952374
0.2528769964
0.1740414482
0.1972304836
0.1458270875
0.1255537222
0.231947563
0.1779991162
0.1879672067
0.1915397737
0.1432131218
0.1269310087
0.2143816962
0.2192593715
0.1495511898
0.1078953476
0.1306340022
0.1604049466
0.1869858401
0.1126181987
0.162309244
0.1941261097
0.1248788247
0.252371554
0.1048988317
0.151102659
0.1489513543
0.1715060365
0.1442790214
0.1439915214
0.2009751099
0.1992805791
0.1454998053
0.1292680191
0.2967663847
0.1831566502
0.1224386151
0.1376559414
0.1936359977
0.1660908914
0.1251327167
0.0903909578
0.189036894
0.192314232
0.2251897362
0.117387111
0.2396764487
0.1231072835
0.0964721438
0.0912093184
0.2374344368
0.2069479851
0.2302812734
0.1609234472
0.1798864472
0.1207374443
0.1743357631
0.1616481635
0.1771952648
0.1271607096
0.239817385
0.1078853815
0.1094774811
0.1313954471
0.1374470011
0.1303680539
0.2316930001
0.1998166354
0.1671898248
0.1913114323
0.1178783419
0.124249106
0.1394135306
0.1807413947
0.0750494218
0.1653346399
0.1083365479
0.1309353844
0.1230017126
0.1286583838
0.1197795185
0.1756959506
0.1017743398
0.1574404876
0.1433492059
0.1330653387
0.1277437087
0.1844377439
0.1732270503
0.1034566098
0.1627970722
0.1482560895
0.1680508804
0.1731842002
0.1833575053
0.1371596215
0.1211688983
0.295563363
0.1567325165
0.1583178478
0.1799575572
0.1844769954
0.1760911412
0.1479389754
0.1592708152
0.1943536346
0.1749038471
0.162601688
0.1461728988
0.2642192543
0.165897065
0.1543888617
0.1252431283
0.1394867905
0.1339774304
0.1333984942
0.2084574952
0.1399290928
0.1960428524
0.2512237419
0.1523031967
0.1855474323
0.2113595223
0.1603730739
0.117566038
0.1259816765
0.1415996037
0.2086384178
0.1324184068
0.1325423413
0.1321833792
0.1253588207
0.1930933652
0.2362311143
0.1525829791
0.2015989116
0.1350009341
0.1509125722
0.2698737823
0.1487280839
0.1490179434
0.1423025679
0.0533801222
0.103580002
0.102369788
0.1702602754
0.0878582161
0.2463914661
0.1904574899
0.1271305411
0.2708364373
0.1279409687
0.1457149637
0.1923288101
0.1265339269
0.153965555
0.1942367285
0.1552624139
0.142242458
0.1826837773
0.1439784113
0.1208120476
0.1372136767
0.2708178692
0.211104879
0.1051041996
0.0864014908
0.1301299325
0.0733807548
0.1347930808
0.2029651418
0.1432203164
0.2754389443
0.161831017
0.0972841457
0.1314951906
0.1281009215
0.2082499595
0.2094493224
0.1154681466
0.1968574656
0.1131303862
0.0774561263
0.1356681971
0.1182087938
0.1501864525
0.1091459451
0.1094042017
0.2137188001
0.1795317319
0.1553859198
0.077161164
0.3649053221
0.2108372863
0.2122053397
0.1563208723
0.1479061464
0.2439965494
0.0504266951
0.1671299592
0.2049202029
0.1695267188
0.1695283828
0.1901918898
0.1145479436
0.1734875861
0.1784976412
0.2337494704
0.1478433264
0.1311119422
0.1467174937
0.1442850063
0.1133841328
0.3073309313
0.2388009185
0.2386613403
0.2659788844
0.1216957428
0.2327500393
0.1222291163
0.1933228176
0.1860274696
0.1893512251
0.0739925073
0.1378446764
0.1007240981
0.1612876271
0.196244546
0.1718969186
0.1271860395
0.0756235807
0.1336539791
0.1384884084
0.1859781106
0.1807355066
0.1393643995
0.1435239468
0.1368839902
0.1324860379
0.110736605
0.1349615197
0.1765790635
0.1253278445
0.1397099935
0.0925774582
0.1746498527
0.1944346751
0.3064122287
0.1519755919
0.2168282239
0.1248058643
0.1808868291
0.1290716857
0.2034201083
0.1995118587
0.1162550672
0.1640518545
0.1966099901
0.1777025283
0.2000464525
0.1681347903
0.1725700718
0.139369902
0.1807433033
0.1475883665
0.1641723086
0.1339186036
0.1350617413
0.1475084614
0.1574761318
0.1640854297
0.1256435447
0.1284056204
0.1674949453
0.13323906
0.1598792058
0.231074882
0.0890004247
0.1477441711
0.1374772713
0.159091916
0.1124589318
0.1074874722
0.1618935964
0.1273674017
0.1568796364
0.1113544082
0.1927247365
0.1292774814
0.1402320216
0.1457493993
0.086925342
0.1354496501
0.0936973059
0.1491936486
0.2039896718
0.1020617963
0.1439692887
0.2675929976
0.2207742691
0.2659002273
0.1655421872
0.123470063
0.1538245827
0.262858118
0.186473994
0.2727920697
0.2283701752
0.147613441
0.1865480307
0.1136467921
0.216252105
0.1906257511
0.2215397607
0.1686072268
0.1525882055
0.1742666793
0.1216661742
0.1549190515
0.1595570318
0.1540567579
0.1340719144
0.1724412158
0.1712359327
0.0803909966
0.1033938942
0.1265176575
0.1314467101
0.1152419193
0.1123273335
0.1291651048
0.1513043542
0.0963667614
0.2440936266
0.1692829916
0.112662628
0.0901773436
0.1946330646
0.1755935321
0.1209646694
0.1873791481
0.1823541335
0.1238851026
0.0984985104
0.0995689285
0.1603896237
0.1263525533
0.146112476
0.0870781697
0.1575101424
0.2413802513
0.124964334
0.2509827753
0.0945373066
0.1418575507
0.1636045011
0.1438087117
0.2270636094
0.1807510595
0.1300451804
0.144350629
0.1684006428
0.1333464006
0.129809879
0.102619707
0.1190479333
0.1944861711
0.1394622173
0.2012948623
0.2122743182
0.2408247139
0.1794827223
0.2058988315
0.158119139
0.2008105715
0.2395412889
0.1338285429
0.1297524509
0.1602484772
0.1751098611
0.0870845671
0.1618509427
0.1799756342
0.2093519938
0.167407199
0.1444451012
0.1130949657
0.1609166379
0.1572806686
0.1741283632
0.1152759497
0.1993585911
0.1853303554
0.2029768747
0.2181945472
0.1849112251
0.1200471159
0.1892082784
0.1098625388
0.2215456382
0.1552813792
0.1379239877
0.1843797499
0.1165405366
0.1457010916
0.1484813119
0.1459058237
0.1102989446
0.2178544255
0.2188985341
0.1002369985
0.1790611707
0.1245370831
0.1968536431
0.2139036764
0.1174349135
0.1512753201
0.1393116297
0.1326537351
0.1507322295
0.2063797387
0.1379748692
0.1708260554
0.1608081337
0.2139409501
0.1589179837
0.1051135875
0.1951287105
0.2138221708
0.1289689223
0.2170880742
0.0947817333
0.1266507825
0.1781692326
0.1244594668
0.088519614
0.1115107629
0.1551755533
0.1823978088
0.1854690217
0.1445520741
0.2417392843
0.192175103
0.1149912938
0.1526673473
0.123326427
0.2111204957
0.0937836076
0.2267168888
0.2146362662
0.2204676395
0.144257145
0.10613697
0.1639722087
0.1301996183
0.1683893151
0.1955749298
0.1665326117
0.1488532754
0.1107620868
0.1372335362
0.0894069168
0.1977803762
0.2203425252
0.1364195051
0.1701450581
0.0909504923
0.1358133125
0.1698917631
0.1760795566
0.211531907
0.1612033346
0.1226508776
0.1957623755
0.1731462105
0.1536760939
0.1770967886
0.0852258174
0.1296012193
0.1711355882
0.1185150742
0.0917201164
0.1261913422
0.1434972621
0.1796577945
0.2943027748
0.2082827315
0.1933462088
0.1286406683
0.1227499148
0.1445949075
0.1624235945
0.1715748928
0.1137295827
0.240569339
0.0967943291
0.1451672412
0.1791231248
0.2005537914
0.1142268639
0.1691524818
0.107277768
0.0890880067
0.1394943264
0.1333340012
0.1150811755
0.1060325612
0.1670217435
0.1215877778
0.1504999423
0.0872996714
0.101109086
0.1465754549
0.2439311049
0.1115274656
0.1170069343
0.1450136809
0.1318235268
0.1449877013
0.1287694576
0.1512008079
0.2017158704
0.1864151944
0.095195307
0.1912078505
0.1357330425
0.1157785404
0.2754323299
0.1974770433
0.0915965973
0.1082641393
0.1361143699
0.1544741827
0.1464221574
0.2294809281
0.1167360545
0.1662044537
0.1079673766
0.1290713389
0.1759892644
0.2655281319
0.1907822613
0.1754139267
0.1025015166
0.1657627287
0.1412283303
0.1647824285
0.1270472105
0.1168211595
0.1625394452
0.1860233787
0.180406678
0.1288429999
0.205495181
0.1395304348
0.120957523
0.1329967817
0.1362459221
0.1104284777
0.1913078598
0.1202646203
0.1531054402
0.1076903541
0.1614746256
0.1295356583
0.1328637091
0.2006410737
0.1939001034
0.174469562
0.1145532973
0.1279821238
0.1407341477
0.1595167928
0.1591708448
0.148264384
0.2683142909
0.1992912365
0.1406635436
0.149797202
0.1300958177
0.1708464355
0.2075396771
0.2106519218
0.131917997
0.1496475698
0.1792840929
0.2357842259
0.1865520718
0.1166098528
0.1482617875
0.068128054
0.1884138242
0.1474102113
0.1770592883
0.1657772914
0.1332398483
0.1158613735
0.1502350485
0.1778242572
0.1202016354
0.1339228536
0.1960118786
0.136467854
0.1426167513
0.1434892737
0.082958202
0.1109107386
0.179360286
0.1184585742
0.1098016082
0.1558878108
0.1138555727
0.1444827458
0.1232365065
0.1146538975
0.1304764351
0.1910385943
0.173258993
0.1819056392
0.2100065124
0.1420313538
0.2461933051
0.171581871
0.1619492821
0.2289194166
0.2139392889
0.183104324
0.2331027184
0.1133560605
0.342794965
0.2196187435
0.1882564949
0.1709825007
0.117030996
0.2574976242
0.1953430534
0.1932431296
0.1945781852
0.2503598641
0.1577879628
0.184948215
0.2150958643
0.2023908851
0.1322884861
0.2430356269
0.1371835723
0.1244824406
0.1657687637
0.2372707509
0.1381053466
0.1884821125
0.1593190293
0.1442146138
0.1416152422
0.1485042682
0.1684173395
0.1074157441
0.1402286458
0.3029952772
0.1083957932
0.2380259609
0.2181562609
0.1450558549
0.2033566104
0.1083487929
0.1348901557
0.2018004286
0.1658712241
0.1682175669
0.2430192578
0.288098572
0.1657963058
0.110552125
0.2238023065
0.0976615839
0.1850503571
0.1251699809
0.1299516615
0.2417634646
0.2319865306
0.1258766636
0.1312097505
0.0985827869
0.1031075401
0.1230220477
0.1342403957
0.0943700758
0.1837432657
0.17483574
0.0780402443
0.2536494368
0.2665446574
0.1195426749
0.1517560793
0.1712161677
0.1207733022
0.2016144036
0.1809559257
0.0869314749
0.1519824178
0.1541027873
0.1057297038
0.1450993225
0.184034406
0.0429338113
0.1040327942
0.1424876717
0.16292457
0.1100745805
0.1846342814
0.0682816344
0.1522618884
0.1847647633
0.1603571529
0.1539088823
0.1382493081
0.1552828228
0.1148707841
0.2315220381
0.1629246862
0.126016567
0.1792603112
0.1397557757
0.1525987375
0.1339490198
0.121578615
0.2040541306
0.1708858813
0.1969479683
0.2301017099
0.1591355851
0.3190724967
0.1786945154
0.1813755836
0.1378145877
0.185100448
0.1837155106
0.1155178407
0.1297237657
0.1510097723
0.0473163976
0.1264751818
0.1805346887
0.1179619549
0.155344851
0.1238169054
0.2275495477
0.2600840986
0.1206050227
0.167781972
0.1858591203
0.110602957
0.1841189463
0.1916440144
0.2210373407
0.1073171594
0.1548357959
0.1540533998
0.1430107847
0.0542376489
0.1577676665
0.1757774397
0.1185674243
0.2041365046
0.1584919014
0.302361117
0.138784421
0.1046434236
0.0966224344
0.2680637367
0.2800624479
0.1647609762
0.1727216078
0.0847353026
0.1215187319
0.2111524924
0.123100803
0.1763691748
0.0835604694
0.0334662246
0.1216190757
0.1358852203
0.2044868522
0.1510901545
0.1504010243
0.1604220091
0.1370022463
0.2161233567
0.1347107301
0.2085421736
0.1216738053
0.0908105509
0.1131325563
0.12764775
0.1700880958
0.2224930478
0.4535804926
0.2891320126
0.1927784397
0.2169336939
0.137093638
0.1654155566
0.1500322793
0.1998664682
0.1829070231
0.2147188363
0.1192781611
0.1882909302
0.1197347093
0.1269716481
0.1528549506
0.1640128547
0.2716737346
0.2098467846
0.1377510134
0.2476399861
0.1735226759
0.1911239741
0.1211427797
0.1456163629
0.1822069611
0.1708115825
0.1459011367
0.1388700407
0.2129146807
0.1135155772
0.1184132574
2.7209e-06
0.1423410203
0.1561582015
0.1904270757
0.1556113037
0.1749898088
0.1800861466
0.1508902534
0.1951332867
0.2665828918
0.2661874348
0.1064427422
0.1352013742
0.1969209613
0.1720222
0.1165626044
0.2255756435
0.1180175749
0.1486260706
0.1673569929
0.1064239664
0.0680907508
0.3382472582
0.0982365558
0.142018239
0.2306735478
0.1089412856
0.1502766018
0.1573616224
0.1983022007
0.1468140567
0.1361586654
0.1574953253
0.2056380093
0.1190642324
0.1365753055
0.0764179911
0.181710314
0.1417944421
0.1252901658
0.2637973176
0.1429302936
0.1749809351
0.1963016699
0.2554291175
0.1438566242
0.1219333236
0.1768019008
0.1243671945
0.2729440445
0.1318333162
0.1985400403
0.1402700841
0.1229246996
0.1571330804
0.1166274207
0.2587385996
0.3223991695
0.2270318599
0.168010249
0.1069610412
0.0970265567
0.1400743369
0.1251324824
0.2355180974
0.1146522609
0.1851531155
0.1712720283
0.1806678066
0.2189816148
0.1474354396
0.1403344228
0.1611429759
0.145794264
0.1453838982
0.0601848059
0.1466699836
0.2157092388
0.0965986798
0.1815788508
0.2842807741
0.2408204721
0.0980162497
0.1097652142
0.1168518309
0.1086586859
0.1535074119
0.1387521447
0.1054151641
0.226847061
0.0863434046
0.1685359849
0.1232689099
0.1448877516
0.2054601508
0.1678964251
0.1768759038
0.1390847387
0.1551551958
0.1792849884
0.1247187059
0.1681387404
0.188871905